100 100
1 1
98 98
1 4
1 6
1 7
1 8
1 9
1 10
1 13
1 17
1 18
1 19
1 22
1 23
1 26
1 29
1 30
1 34
1 41
1 43
1 45
1 46
1 48
1 49
1 50
1 51
1 52
1 55
1 56
1 57
1 64
1 65
1 66
1 69
1 70
1 71
1 75
1 77
1 79
1 80
1 81
1 84
1 85
1 91
1 92
1 94
1 96
1 98
2 3
2 4
2 5
2 8
2 9
2 10
2 12
2 14
2 15
2 16
2 17
2 18
2 19
2 22
2 23
2 28
2 31
2 35
2 36
2 38
2 42
2 43
2 46
2 54
2 55
2 56
2 58
2 59
2 62
2 63
2 65
2 66
2 70
2 73
2 77
2 78
2 79
2 81
2 82
2 83
2 84
2 87
2 88
2 89
2 91
2 92
2 96
2 97
3 1
3 3
3 6
3 7
3 9
3 12
3 14
3 15
3 17
3 19
3 21
3 22
3 24
3 25
3 27
3 30
3 34
3 36
3 40
3 41
3 44
3 50
3 51
3 57
3 58
3 59
3 61
3 67
3 68
3 69
3 70
3 71
3 77
3 78
3 81
3 82
3 86
3 87
3 88
3 92
3 93
3 97
4 1
4 6
4 7
4 8
4 10
4 12
4 20
4 26
4 36
4 40
4 44
4 52
4 54
4 55
4 62
4 66
4 69
4 72
4 73
4 74
4 77
4 80
4 81
4 83
4 91
4 95
4 96
5 1
5 2
5 3
5 6
5 9
5 14
5 15
5 17
5 19
5 22
5 24
5 31
5 32
5 34
5 36
5 37
5 41
5 42
5 43
5 45
5 53
5 54
5 55
5 58
5 59
5 60
5 61
5 63
5 64
5 70
5 71
5 72
5 75
5 76
5 77
5 84
5 89
5 95
5 96
5 98
6 1
6 2
6 7
6 11
6 12
6 18
6 19
6 20
6 21
6 22
6 23
6 24
6 25
6 28
6 29
6 34
6 36
6 38
6 39
6 40
6 42
6 45
6 46
6 48
6 50
6 51
6 53
6 54
6 58
6 59
6 60
6 61
6 63
6 64
6 66
6 69
6 76
6 80
6 82
6 84
6 85
6 86
6 90
6 93
6 95
6 97
7 4
7 5
7 6
7 7
7 8
7 13
7 15
7 17
7 18
7 20
7 21
7 23
7 25
7 29
7 30
7 33
7 37
7 38
7 41
7 43
7 44
7 47
7 49
7 54
7 55
7 61
7 63
7 66
7 71
7 75
7 79
7 82
7 86
7 88
7 90
7 91
7 92
7 93
8 3
8 8
8 9
8 11
8 12
8 13
8 19
8 25
8 27
8 32
8 33
8 36
8 40
8 41
8 43
8 45
8 48
8 53
8 54
8 59
8 61
8 70
8 72
8 73
8 78
8 80
8 95
8 97
9 1
9 3
9 6
9 8
9 9
9 12
9 17
9 18
9 19
9 21
9 23
9 24
9 25
9 31
9 33
9 41
9 48
9 49
9 50
9 51
9 53
9 54
9 56
9 57
9 60
9 61
9 63
9 66
9 67
9 68
9 70
9 72
9 74
9 77
9 80
9 82
9 84
9 86
9 87
9 90
9 91
9 92
9 93
10 5
10 9
10 10
10 15
10 20
10 29
10 31
10 32
10 33
10 37
10 40
10 42
10 45
10 46
10 50
10 51
10 53
10 54
10 60
10 61
10 63
10 67
10 70
10 71
10 72
10 73
10 74
10 80
10 82
10 83
10 88
10 90
10 93
10 96
11 6
11 8
11 9
11 15
11 19
11 20
11 21
11 23
11 25
11 27
11 32
11 33
11 35
11 36
11 38
11 40
11 41
11 44
11 50
11 52
11 53
11 61
11 62
11 63
11 69
11 71
11 72
11 77
11 78
11 79
11 84
11 85
11 88
11 90
11 95
11 97
11 98
12 7
12 8
12 9
12 12
12 15
12 16
12 20
12 25
12 26
12 29
12 37
12 39
12 40
12 41
12 45
12 46
12 49
12 50
12 51
12 53
12 56
12 59
12 60
12 62
12 64
12 67
12 68
12 69
12 72
12 76
12 78
12 82
12 83
12 89
12 90
12 94
12 97
12 98
13 3
13 4
13 5
13 6
13 7
13 9
13 10
13 11
13 12
13 19
13 23
13 25
13 27
13 29
13 30
13 34
13 38
13 42
13 44
13 45
13 46
13 48
13 50
13 53
13 59
13 60
13 63
13 64
13 65
13 66
13 72
13 74
13 79
13 84
13 85
13 87
13 89
13 90
13 91
13 92
13 96
13 97
13 98
14 3
14 5
14 6
14 7
14 8
14 10
14 12
14 13
14 20
14 21
14 22
14 26
14 27
14 29
14 34
14 36
14 40
14 44
14 48
14 53
14 56
14 63
14 64
14 67
14 71
14 75
14 81
14 82
14 90
14 92
14 97
15 3
15 4
15 5
15 7
15 8
15 11
15 12
15 15
15 18
15 20
15 21
15 24
15 25
15 26
15 27
15 29
15 30
15 31
15 34
15 37
15 41
15 43
15 49
15 53
15 55
15 56
15 59
15 60
15 63
15 66
15 67
15 70
15 71
15 72
15 75
15 76
15 77
15 79
15 82
15 86
15 87
15 88
15 92
15 93
15 98
16 1
16 2
16 5
16 6
16 7
16 8
16 11
16 13
16 14
16 16
16 18
16 19
16 23
16 25
16 26
16 27
16 29
16 30
16 33
16 34
16 35
16 37
16 38
16 55
16 58
16 60
16 61
16 62
16 65
16 69
16 77
16 79
16 82
16 84
16 86
16 89
16 91
16 94
16 96
17 1
17 12
17 13
17 14
17 15
17 17
17 18
17 20
17 23
17 25
17 26
17 29
17 30
17 31
17 34
17 36
17 37
17 39
17 46
17 47
17 49
17 50
17 61
17 66
17 67
17 70
17 75
17 77
17 84
17 85
17 91
17 94
17 95
17 96
17 97
18 1
18 2
18 3
18 5
18 7
18 13
18 16
18 18
18 20
18 25
18 28
18 29
18 30
18 36
18 37
18 40
18 41
18 44
18 45
18 48
18 53
18 59
18 63
18 67
18 68
18 70
18 76
18 78
18 80
18 84
18 86
18 87
18 88
18 90
18 91
19 3
19 6
19 7
19 11
19 12
19 13
19 16
19 19
19 22
19 24
19 28
19 29
19 31
19 36
19 37
19 42
19 44
19 49
19 50
19 52
19 54
19 55
19 57
19 60
19 61
19 62
19 63
19 65
19 67
19 69
19 71
19 73
19 76
19 80
19 81
19 82
19 83
19 85
19 93
20 1
20 2
20 5
20 8
20 13
20 14
20 19
20 24
20 25
20 27
20 35
20 36
20 39
20 41
20 43
20 44
20 45
20 46
20 47
20 50
20 53
20 56
20 60
20 61
20 62
20 63
20 64
20 67
20 68
20 69
20 70
20 71
20 72
20 75
20 77
20 78
20 80
20 81
20 82
20 83
20 85
20 88
20 89
20 90
20 94
20 95
20 98
21 1
21 2
21 3
21 4
21 5
21 6
21 7
21 9
21 10
21 13
21 15
21 16
21 20
21 21
21 26
21 29
21 30
21 31
21 33
21 34
21 36
21 38
21 40
21 46
21 48
21 49
21 51
21 52
21 54
21 58
21 67
21 71
21 73
21 77
21 80
21 83
21 89
21 90
21 91
21 95
21 96
21 97
22 1
22 6
22 9
22 14
22 15
22 16
22 17
22 18
22 22
22 23
22 24
22 26
22 34
22 36
22 37
22 41
22 47
22 49
22 51
22 55
22 58
22 60
22 61
22 64
22 67
22 69
22 70
22 71
22 72
22 73
22 75
22 76
22 80
22 81
22 84
22 85
22 89
22 94
22 95
22 96
22 97
23 1
23 5
23 6
23 11
23 16
23 22
23 23
23 27
23 28
23 31
23 33
23 35
23 36
23 38
23 43
23 46
23 47
23 49
23 50
23 51
23 53
23 54
23 56
23 60
23 62
23 65
23 66
23 71
23 72
23 75
23 76
23 78
23 80
23 82
23 83
23 85
23 87
23 92
23 94
24 5
24 14
24 15
24 16
24 18
24 19
24 20
24 22
24 24
24 25
24 27
24 28
24 31
24 33
24 35
24 36
24 37
24 44
24 50
24 51
24 53
24 54
24 57
24 58
24 60
24 61
24 62
24 64
24 65
24 68
24 74
24 86
24 88
24 93
25 2
25 5
25 6
25 7
25 9
25 10
25 12
25 16
25 17
25 19
25 25
25 26
25 30
25 32
25 33
25 34
25 35
25 37
25 39
25 41
25 42
25 44
25 45
25 49
25 50
25 52
25 58
25 62
25 64
25 67
25 70
25 71
25 72
25 75
25 77
25 81
25 82
25 86
25 88
25 91
25 93
25 97
26 2
26 10
26 12
26 19
26 22
26 24
26 27
26 32
26 35
26 37
26 40
26 44
26 45
26 46
26 50
26 51
26 53
26 54
26 55
26 58
26 60
26 63
26 70
26 75
26 78
26 80
26 86
26 89
26 96
27 2
27 11
27 15
27 17
27 19
27 20
27 24
27 26
27 27
27 28
27 30
27 31
27 32
27 33
27 37
27 38
27 39
27 40
27 43
27 46
27 49
27 55
27 56
27 58
27 59
27 61
27 62
27 70
27 72
27 74
27 76
27 78
27 79
27 80
27 81
27 82
27 83
27 86
27 90
27 91
27 93
27 94
27 95
27 96
27 97
28 8
28 10
28 11
28 17
28 19
28 21
28 22
28 23
28 26
28 28
28 29
28 30
28 31
28 32
28 34
28 36
28 39
28 40
28 46
28 49
28 50
28 54
28 55
28 56
28 58
28 60
28 66
28 68
28 71
28 78
28 87
28 88
28 90
28 91
28 95
28 97
29 2
29 4
29 7
29 8
29 9
29 12
29 13
29 15
29 17
29 18
29 19
29 22
29 26
29 28
29 31
29 34
29 35
29 37
29 38
29 47
29 51
29 53
29 57
29 60
29 61
29 65
29 66
29 67
29 68
29 72
29 75
29 76
29 78
29 83
29 84
29 85
29 87
29 88
29 89
29 97
29 98
30 3
30 6
30 8
30 14
30 16
30 17
30 19
30 21
30 22
30 23
30 29
30 30
30 33
30 35
30 36
30 39
30 40
30 41
30 44
30 49
30 52
30 59
30 62
30 65
30 66
30 67
30 72
30 73
30 74
30 75
30 76
30 78
30 79
30 80
30 81
30 82
30 85
30 86
30 92
30 95
30 96
31 2
31 7
31 8
31 10
31 22
31 25
31 26
31 27
31 29
31 30
31 31
31 36
31 38
31 39
31 42
31 43
31 45
31 46
31 47
31 48
31 49
31 50
31 51
31 53
31 54
31 57
31 58
31 60
31 63
31 66
31 69
31 73
31 74
31 80
31 83
31 85
31 87
31 91
31 94
32 4
32 5
32 12
32 13
32 16
32 17
32 18
32 19
32 21
32 30
32 31
32 35
32 38
32 39
32 42
32 43
32 44
32 46
32 47
32 50
32 53
32 54
32 55
32 73
32 75
32 77
32 78
32 79
32 80
32 81
32 83
32 84
32 86
32 87
32 90
32 91
32 93
32 97
32 98
33 2
33 4
33 5
33 6
33 8
33 10
33 13
33 14
33 16
33 18
33 20
33 21
33 22
33 24
33 31
33 32
33 34
33 37
33 39
33 42
33 44
33 47
33 48
33 54
33 56
33 65
33 66
33 71
33 72
33 73
33 75
33 76
33 80
33 81
33 82
33 84
33 89
33 92
33 93
33 94
33 98
34 5
34 12
34 13
34 14
34 18
34 23
34 26
34 28
34 34
34 38
34 39
34 40
34 44
34 50
34 52
34 55
34 58
34 59
34 63
34 66
34 67
34 68
34 69
34 70
34 71
34 72
34 74
34 75
34 77
34 79
34 81
34 82
34 84
34 89
34 95
35 2
35 3
35 5
35 9
35 10
35 13
35 14
35 15
35 16
35 19
35 20
35 22
35 26
35 27
35 28
35 33
35 36
35 37
35 40
35 41
35 42
35 50
35 53
35 55
35 61
35 70
35 71
35 75
35 76
35 79
35 80
35 81
35 82
35 84
35 91
35 94
35 98
36 1
36 2
36 3
36 6
36 7
36 8
36 9
36 10
36 11
36 12
36 13
36 20
36 26
36 34
36 35
36 39
36 42
36 43
36 44
36 47
36 49
36 50
36 51
36 52
36 55
36 56
36 57
36 58
36 60
36 61
36 62
36 63
36 65
36 66
36 67
36 68
36 70
36 72
36 76
36 77
36 78
36 79
36 80
36 85
36 87
36 91
36 94
36 95
36 97
37 1
37 4
37 5
37 6
37 7
37 8
37 9
37 13
37 18
37 21
37 22
37 25
37 26
37 29
37 30
37 31
37 33
37 34
37 35
37 36
37 43
37 44
37 45
37 50
37 52
37 53
37 56
37 58
37 59
37 60
37 61
37 62
37 63
37 64
37 69
37 71
37 77
37 81
37 82
37 83
37 88
37 91
37 92
37 93
37 96
37 97
38 1
38 2
38 3
38 5
38 8
38 11
38 13
38 14
38 19
38 21
38 25
38 26
38 28
38 31
38 33
38 39
38 43
38 45
38 46
38 49
38 57
38 58
38 66
38 68
38 72
38 74
38 79
38 81
38 82
38 85
38 86
38 87
38 89
38 91
38 93
38 94
38 96
38 98
39 3
39 5
39 10
39 13
39 19
39 21
39 23
39 27
39 29
39 33
39 36
39 48
39 49
39 52
39 53
39 54
39 56
39 58
39 60
39 62
39 63
39 64
39 66
39 70
39 71
39 77
39 78
39 80
39 84
39 85
39 86
39 91
39 94
39 97
40 2
40 3
40 4
40 5
40 9
40 13
40 14
40 18
40 21
40 24
40 29
40 30
40 31
40 34
40 37
40 40
40 41
40 43
40 46
40 47
40 48
40 49
40 50
40 53
40 55
40 56
40 58
40 60
40 62
40 64
40 66
40 68
40 69
40 73
40 75
40 76
40 80
40 82
40 83
40 85
40 87
40 90
40 92
40 94
40 97
41 6
41 8
41 10
41 12
41 13
41 16
41 21
41 25
41 31
41 32
41 34
41 36
41 39
41 40
41 41
41 44
41 45
41 46
41 50
41 53
41 54
41 57
41 59
41 61
41 62
41 63
41 67
41 70
41 73
41 74
41 75
41 80
41 81
41 86
41 88
41 92
41 94
42 3
42 10
42 14
42 15
42 16
42 17
42 19
42 20
42 23
42 26
42 33
42 37
42 38
42 41
42 42
42 45
42 47
42 49
42 54
42 57
42 58
42 62
42 64
42 65
42 67
42 68
42 76
42 77
42 79
42 80
42 81
42 82
42 84
42 85
42 87
42 89
42 92
43 1
43 3
43 7
43 8
43 12
43 15
43 16
43 19
43 22
43 24
43 25
43 28
43 30
43 32
43 33
43 37
43 42
43 43
43 46
43 48
43 50
43 53
43 56
43 57
43 60
43 61
43 64
43 66
43 71
43 75
43 77
43 79
43 82
43 83
43 90
43 91
43 92
43 93
43 94
43 95
43 98
44 1
44 2
44 4
44 5
44 6
44 9
44 12
44 13
44 14
44 18
44 21
44 25
44 27
44 28
44 30
44 31
44 36
44 38
44 46
44 49
44 50
44 51
44 53
44 60
44 62
44 65
44 66
44 68
44 71
44 72
44 73
44 78
44 80
44 82
44 84
44 85
44 88
44 91
44 93
44 94
44 97
44 98
45 3
45 5
45 6
45 7
45 13
45 15
45 16
45 17
45 19
45 27
45 28
45 33
45 34
45 35
45 38
45 44
45 56
45 64
45 65
45 67
45 68
45 69
45 75
45 78
45 84
45 85
45 88
45 91
45 92
45 94
45 96
46 3
46 8
46 10
46 12
46 13
46 14
46 15
46 17
46 18
46 21
46 22
46 23
46 24
46 28
46 29
46 41
46 45
46 46
46 51
46 52
46 53
46 55
46 57
46 67
46 71
46 76
46 77
46 80
46 81
46 82
46 84
46 90
46 92
46 96
47 1
47 3
47 5
47 6
47 7
47 10
47 13
47 15
47 18
47 19
47 22
47 25
47 27
47 30
47 32
47 33
47 34
47 37
47 43
47 45
47 50
47 51
47 52
47 53
47 55
47 56
47 58
47 65
47 67
47 71
47 73
47 74
47 75
47 77
47 78
47 80
47 84
47 86
47 96
48 2
48 3
48 5
48 7
48 9
48 11
48 12
48 14
48 15
48 18
48 19
48 25
48 28
48 35
48 37
48 40
48 42
48 43
48 45
48 46
48 47
48 49
48 51
48 56
48 58
48 60
48 61
48 64
48 65
48 68
48 73
48 74
48 77
48 85
48 86
48 88
48 89
48 94
48 95
48 96
49 2
49 5
49 8
49 9
49 18
49 19
49 21
49 23
49 26
49 28
49 34
49 35
49 36
49 38
49 41
49 42
49 46
49 50
49 51
49 52
49 54
49 58
49 61
49 62
49 65
49 66
49 67
49 71
49 73
49 75
49 79
49 80
49 82
49 88
49 90
49 91
49 94
49 97
50 1
50 3
50 5
50 6
50 7
50 9
50 13
50 15
50 18
50 19
50 20
50 21
50 22
50 24
50 26
50 27
50 33
50 35
50 37
50 38
50 43
50 44
50 46
50 49
50 50
50 52
50 55
50 58
50 59
50 60
50 62
50 63
50 64
50 65
50 70
50 72
50 73
50 77
50 79
50 82
50 83
50 85
50 87
50 94
50 95
50 96
51 3
51 4
51 5
51 6
51 14
51 17
51 25
51 31
51 32
51 34
51 36
51 38
51 40
51 41
51 43
51 46
51 47
51 48
51 52
51 54
51 61
51 63
51 66
51 68
51 69
51 75
51 79
51 80
51 81
51 88
51 89
51 92
51 93
51 98
52 2
52 7
52 9
52 10
52 13
52 18
52 22
52 23
52 24
52 25
52 28
52 32
52 33
52 35
52 36
52 37
52 38
52 39
52 40
52 44
52 46
52 47
52 51
52 54
52 55
52 59
52 60
52 61
52 69
52 70
52 75
52 76
52 77
52 78
52 79
52 80
52 82
52 83
52 86
52 87
52 89
52 92
52 94
52 95
53 1
53 3
53 8
53 10
53 16
53 20
53 24
53 25
53 27
53 34
53 38
53 40
53 45
53 47
53 48
53 49
53 51
53 52
53 54
53 58
53 59
53 60
53 61
53 62
53 63
53 66
53 69
53 71
53 72
53 73
53 74
53 81
53 82
53 83
53 87
53 93
53 94
53 97
54 1
54 4
54 7
54 8
54 15
54 18
54 25
54 28
54 29
54 32
54 33
54 34
54 37
54 39
54 41
54 43
54 47
54 49
54 51
54 52
54 54
54 58
54 60
54 62
54 67
54 68
54 69
54 71
54 74
54 76
54 78
54 83
54 84
54 86
54 88
54 91
54 93
54 95
55 5
55 6
55 9
55 11
55 16
55 19
55 21
55 22
55 23
55 31
55 35
55 38
55 42
55 46
55 60
55 61
55 62
55 66
55 67
55 68
55 71
55 73
55 74
55 75
55 76
55 77
55 79
55 83
55 84
55 85
55 87
55 89
55 94
55 96
56 1
56 7
56 10
56 13
56 14
56 19
56 21
56 23
56 27
56 31
56 33
56 35
56 36
56 40
56 41
56 44
56 47
56 50
56 52
56 57
56 60
56 61
56 62
56 63
56 68
56 71
56 72
56 73
56 76
56 77
56 83
56 84
56 89
56 90
56 91
56 92
56 96
56 98
57 1
57 2
57 4
57 7
57 9
57 10
57 11
57 12
57 13
57 15
57 19
57 26
57 29
57 30
57 34
57 35
57 36
57 42
57 44
57 45
57 46
57 48
57 49
57 51
57 54
57 56
57 57
57 58
57 59
57 61
57 65
57 67
57 68
57 70
57 73
57 74
57 78
57 79
57 80
57 81
57 82
57 83
57 84
57 86
57 94
57 95
57 96
58 1
58 5
58 6
58 7
58 8
58 17
58 20
58 24
58 25
58 27
58 28
58 29
58 30
58 36
58 37
58 38
58 45
58 46
58 47
58 51
58 53
58 59
58 60
58 64
58 67
58 70
58 71
58 74
58 81
58 83
58 85
58 86
58 87
58 88
58 91
58 93
58 94
58 95
59 5
59 15
59 17
59 19
59 23
59 24
59 27
59 28
59 29
59 34
59 35
59 36
59 38
59 39
59 44
59 46
59 51
59 52
59 54
59 56
59 58
59 61
59 63
59 66
59 68
59 73
59 78
59 81
59 87
59 89
59 91
59 92
59 95
60 1
60 4
60 8
60 13
60 14
60 16
60 20
60 21
60 26
60 27
60 29
60 32
60 35
60 37
60 38
60 40
60 45
60 50
60 51
60 54
60 55
60 63
60 66
60 68
60 71
60 75
60 77
60 80
60 81
60 83
60 95
61 2
61 6
61 11
61 13
61 15
61 16
61 20
61 21
61 22
61 24
61 25
61 28
61 29
61 31
61 34
61 37
61 38
61 39
61 41
61 49
61 50
61 51
61 54
61 55
61 56
61 57
61 61
61 63
61 70
61 71
61 73
61 76
61 77
61 78
61 83
61 86
61 90
61 93
61 94
61 95
61 96
61 98
62 3
62 9
62 11
62 12
62 13
62 17
62 20
62 21
62 22
62 23
62 24
62 26
62 29
62 30
62 31
62 34
62 36
62 38
62 41
62 43
62 45
62 46
62 48
62 50
62 51
62 55
62 60
62 64
62 67
62 68
62 69
62 79
62 81
62 82
62 85
62 87
62 92
62 95
62 96
62 97
63 3
63 4
63 8
63 10
63 12
63 13
63 15
63 19
63 27
63 30
63 31
63 32
63 35
63 38
63 41
63 47
63 48
63 50
63 58
63 59
63 60
63 62
63 64
63 65
63 71
63 73
63 77
63 79
63 84
63 85
63 87
63 88
63 91
63 94
63 96
63 97
64 4
64 5
64 9
64 11
64 15
64 18
64 19
64 20
64 23
64 24
64 27
64 29
64 31
64 34
64 37
64 38
64 39
64 40
64 41
64 42
64 43
64 45
64 46
64 50
64 51
64 53
64 55
64 56
64 57
64 58
64 62
64 63
64 66
64 67
64 69
64 71
64 72
64 73
64 77
64 78
64 80
64 81
64 82
64 83
64 86
64 87
64 89
64 90
64 91
64 92
64 96
65 2
65 4
65 6
65 8
65 9
65 12
65 15
65 16
65 17
65 21
65 23
65 25
65 28
65 32
65 36
65 39
65 41
65 43
65 44
65 46
65 47
65 50
65 53
65 54
65 55
65 57
65 59
65 60
65 62
65 63
65 66
65 67
65 68
65 70
65 72
65 73
65 74
65 76
65 86
65 89
65 90
65 91
65 94
65 96
66 1
66 2
66 6
66 7
66 14
66 15
66 16
66 19
66 20
66 22
66 23
66 25
66 26
66 28
66 33
66 35
66 36
66 39
66 41
66 43
66 45
66 47
66 49
66 50
66 51
66 52
66 53
66 54
66 55
66 57
66 64
66 67
66 69
66 71
66 72
66 73
66 74
66 79
66 80
66 83
66 84
66 85
66 86
66 87
66 88
66 92
66 93
66 96
67 2
67 5
67 6
67 7
67 8
67 9
67 10
67 12
67 13
67 14
67 15
67 16
67 20
67 21
67 23
67 25
67 28
67 36
67 38
67 39
67 40
67 41
67 45
67 46
67 47
67 49
67 51
67 52
67 53
67 55
67 56
67 57
67 58
67 59
67 64
67 65
67 69
67 70
67 71
67 72
67 73
67 74
67 76
67 78
67 80
67 88
67 92
67 93
67 97
68 3
68 6
68 8
68 9
68 13
68 15
68 19
68 21
68 26
68 32
68 33
68 35
68 37
68 38
68 39
68 41
68 42
68 45
68 48
68 49
68 52
68 55
68 59
68 60
68 62
68 66
68 72
68 76
68 77
68 83
68 84
68 87
68 88
68 96
69 1
69 2
69 5
69 9
69 11
69 12
69 15
69 16
69 17
69 18
69 21
69 24
69 26
69 27
69 28
69 33
69 34
69 36
69 45
69 46
69 50
69 51
69 57
69 58
69 62
69 64
69 69
69 73
69 77
69 80
69 83
69 88
69 89
69 90
69 91
69 92
69 97
70 3
70 5
70 7
70 9
70 12
70 13
70 15
70 16
70 17
70 21
70 22
70 24
70 25
70 26
70 29
70 32
70 34
70 35
70 40
70 42
70 48
70 52
70 53
70 54
70 55
70 56
70 62
70 66
70 67
70 69
70 73
70 76
70 78
70 80
70 83
70 85
70 88
70 89
70 90
70 91
70 92
70 93
70 94
70 98
71 1
71 2
71 3
71 4
71 11
71 15
71 16
71 17
71 20
71 24
71 25
71 29
71 33
71 34
71 35
71 38
71 39
71 43
71 44
71 48
71 49
71 50
71 51
71 58
71 62
71 63
71 65
71 67
71 69
71 70
71 71
71 73
71 80
71 82
71 83
71 85
71 87
71 88
71 89
71 91
71 95
71 96
71 98
72 1
72 2
72 3
72 5
72 9
72 11
72 14
72 20
72 21
72 23
72 25
72 26
72 29
72 31
72 36
72 37
72 38
72 41
72 43
72 46
72 47
72 49
72 50
72 55
72 56
72 60
72 64
72 65
72 66
72 67
72 69
72 70
72 71
72 76
72 77
72 78
72 79
72 80
72 83
72 85
72 86
72 87
72 89
72 90
72 92
72 93
72 94
72 95
73 5
73 8
73 9
73 10
73 11
73 14
73 19
73 26
73 27
73 36
73 38
73 40
73 45
73 47
73 50
73 51
73 54
73 56
73 58
73 61
73 62
73 63
73 67
73 68
73 71
73 72
73 75
73 76
73 79
73 80
73 84
73 85
73 87
73 89
73 96
73 98
74 1
74 2
74 11
74 15
74 18
74 21
74 23
74 24
74 26
74 27
74 28
74 31
74 34
74 36
74 38
74 39
74 40
74 43
74 44
74 47
74 50
74 57
74 64
74 65
74 66
74 69
74 71
74 74
74 77
74 81
74 86
74 88
74 90
74 94
74 98
75 1
75 7
75 9
75 11
75 13
75 19
75 20
75 22
75 25
75 26
75 28
75 29
75 30
75 33
75 34
75 36
75 37
75 38
75 43
75 44
75 45
75 47
75 50
75 51
75 52
75 53
75 60
75 61
75 63
75 66
75 67
75 69
75 70
75 74
75 75
75 76
75 77
75 78
75 81
75 83
75 87
75 88
75 89
75 91
75 92
75 93
75 96
75 97
75 98
76 1
76 2
76 9
76 11
76 13
76 15
76 17
76 24
76 26
76 27
76 28
76 29
76 35
76 36
76 38
76 39
76 46
76 50
76 51
76 52
76 53
76 58
76 60
76 64
76 65
76 66
76 69
76 70
76 73
76 74
76 78
76 82
76 83
76 86
76 88
76 90
76 93
76 94
76 98
77 5
77 7
77 8
77 13
77 15
77 16
77 20
77 21
77 22
77 23
77 24
77 29
77 31
77 32
77 35
77 37
77 42
77 45
77 50
77 53
77 56
77 58
77 59
77 61
77 63
77 67
77 69
77 70
77 76
77 78
77 79
77 83
77 84
77 85
77 86
77 94
77 95
77 96
77 98
78 3
78 7
78 13
78 16
78 17
78 19
78 21
78 23
78 24
78 27
78 29
78 34
78 36
78 37
78 38
78 39
78 40
78 41
78 42
78 44
78 46
78 47
78 50
78 53
78 54
78 55
78 56
78 61
78 63
78 65
78 66
78 71
78 72
78 75
78 78
78 81
78 85
78 87
78 90
78 94
78 95
78 97
78 98
79 2
79 3
79 7
79 9
79 13
79 14
79 16
79 17
79 21
79 23
79 27
79 28
79 31
79 34
79 35
79 36
79 37
79 38
79 41
79 43
79 47
79 49
79 52
79 55
79 56
79 61
79 62
79 73
79 75
79 76
79 82
79 83
79 84
79 85
79 89
79 92
79 94
79 95
80 1
80 5
80 9
80 13
80 15
80 16
80 17
80 18
80 19
80 20
80 21
80 22
80 25
80 26
80 27
80 29
80 34
80 37
80 40
80 44
80 45
80 47
80 48
80 52
80 54
80 56
80 58
80 60
80 62
80 65
80 71
80 73
80 75
80 78
80 80
80 87
80 88
80 90
80 91
80 92
80 97
80 98
81 6
81 10
81 18
81 21
81 24
81 27
81 29
81 30
81 32
81 37
81 42
81 43
81 44
81 45
81 47
81 52
81 54
81 55
81 56
81 63
81 64
81 65
81 68
81 71
81 72
81 73
81 74
81 76
81 77
81 78
81 79
81 81
81 82
81 84
81 89
81 95
81 96
81 98
82 3
82 7
82 8
82 11
82 12
82 13
82 17
82 23
82 27
82 28
82 29
82 31
82 34
82 37
82 39
82 41
82 42
82 45
82 50
82 55
82 61
82 62
82 69
82 70
82 75
82 76
82 79
82 80
82 82
82 83
82 84
82 86
82 90
82 91
82 93
82 94
82 95
82 97
83 2
83 3
83 10
83 13
83 14
83 16
83 17
83 18
83 19
83 20
83 21
83 22
83 24
83 25
83 27
83 29
83 30
83 33
83 38
83 39
83 43
83 49
83 57
83 59
83 60
83 61
83 64
83 68
83 70
83 79
83 81
83 83
83 89
83 95
83 97
84 3
84 5
84 9
84 12
84 13
84 20
84 28
84 29
84 36
84 37
84 39
84 42
84 43
84 48
84 57
84 58
84 59
84 61
84 64
84 65
84 70
84 75
84 77
84 78
84 85
84 86
84 88
84 89
84 90
84 94
84 95
85 1
85 5
85 9
85 10
85 11
85 13
85 14
85 15
85 16
85 18
85 22
85 23
85 29
85 33
85 35
85 36
85 38
85 39
85 40
85 43
85 47
85 48
85 50
85 59
85 60
85 65
85 67
85 68
85 77
85 82
85 83
85 85
85 87
85 89
85 91
85 95
85 96
86 3
86 4
86 7
86 15
86 18
86 21
86 22
86 24
86 25
86 28
86 32
86 33
86 34
86 39
86 47
86 48
86 50
86 52
86 53
86 54
86 55
86 58
86 60
86 61
86 62
86 63
86 64
86 65
86 66
86 67
86 68
86 69
86 70
86 71
86 76
86 77
86 79
86 80
86 84
86 86
86 87
86 88
86 89
86 98
87 3
87 5
87 9
87 13
87 14
87 15
87 16
87 18
87 20
87 22
87 24
87 27
87 28
87 30
87 31
87 35
87 38
87 41
87 43
87 45
87 46
87 51
87 52
87 58
87 61
87 63
87 64
87 67
87 68
87 75
87 77
87 78
87 81
87 83
87 84
87 85
87 88
87 89
87 90
87 92
87 98
88 1
88 3
88 5
88 12
88 14
88 18
88 22
88 23
88 30
88 32
88 35
88 41
88 42
88 43
88 44
88 47
88 49
88 50
88 52
88 57
88 63
88 64
88 66
88 77
88 78
88 79
88 84
88 85
88 87
88 91
88 92
88 93
88 95
88 96
89 1
89 2
89 3
89 4
89 5
89 6
89 7
89 11
89 13
89 14
89 15
89 16
89 17
89 18
89 21
89 25
89 35
89 37
89 39
89 44
89 47
89 48
89 49
89 50
89 51
89 52
89 53
89 54
89 58
89 60
89 61
89 62
89 64
89 66
89 69
89 72
89 75
89 77
89 80
89 81
89 82
89 84
89 85
89 86
89 88
89 91
89 93
89 94
89 95
90 3
90 7
90 11
90 12
90 13
90 17
90 20
90 21
90 22
90 23
90 25
90 29
90 30
90 31
90 33
90 34
90 37
90 38
90 45
90 50
90 54
90 56
90 57
90 59
90 60
90 63
90 64
90 65
90 66
90 68
90 70
90 71
90 75
90 76
90 78
90 79
90 81
90 82
90 83
90 84
90 85
90 86
90 88
90 89
90 94
90 95
90 98
91 5
91 7
91 8
91 12
91 13
91 17
91 18
91 24
91 26
91 27
91 30
91 31
91 32
91 38
91 43
91 45
91 48
91 49
91 51
91 52
91 53
91 54
91 55
91 56
91 57
91 60
91 65
91 66
91 67
91 68
91 70
91 72
91 73
91 74
91 75
91 77
91 80
91 81
91 83
91 85
91 86
91 89
91 96
92 3
92 5
92 9
92 10
92 11
92 12
92 13
92 15
92 16
92 25
92 31
92 36
92 42
92 44
92 45
92 48
92 50
92 55
92 60
92 61
92 64
92 68
92 69
92 72
92 73
92 74
92 75
92 78
92 79
92 81
92 83
92 88
92 89
92 91
92 92
92 93
92 96
92 98
93 7
93 8
93 9
93 10
93 11
93 15
93 16
93 22
93 29
93 33
93 35
93 36
93 39
93 42
93 44
93 47
93 48
93 49
93 65
93 66
93 68
93 72
93 74
93 75
93 77
93 82
93 83
93 86
93 90
93 95
93 98
94 1
94 3
94 8
94 11
94 15
94 18
94 21
94 22
94 23
94 24
94 27
94 36
94 37
94 39
94 44
94 45
94 54
94 55
94 60
94 61
94 62
94 65
94 66
94 68
94 69
94 72
94 73
94 74
94 75
94 76
94 80
94 82
94 83
94 85
94 88
94 90
94 91
94 92
94 93
94 94
95 2
95 6
95 7
95 11
95 12
95 14
95 24
95 26
95 27
95 30
95 32
95 33
95 37
95 38
95 39
95 42
95 43
95 44
95 45
95 47
95 48
95 51
95 53
95 55
95 57
95 60
95 62
95 63
95 64
95 68
95 69
95 72
95 74
95 76
95 77
95 79
95 82
95 84
95 86
95 87
95 90
95 92
95 95
95 97
95 98
96 2
96 3
96 4
96 5
96 7
96 9
96 10
96 11
96 13
96 15
96 17
96 20
96 21
96 24
96 25
96 29
96 32
96 34
96 36
96 37
96 38
96 39
96 40
96 41
96 46
96 49
96 51
96 53
96 59
96 66
96 67
96 73
96 81
96 84
96 86
96 87
96 89
96 92
96 93
96 95
96 98
97 2
97 3
97 4
97 5
97 8
97 12
97 16
97 19
97 22
97 23
97 24
97 26
97 27
97 29
97 30
97 31
97 33
97 34
97 36
97 41
97 44
97 45
97 52
97 54
97 59
97 62
97 64
97 65
97 73
97 76
97 77
97 78
97 79
97 80
97 82
97 83
97 85
97 86
97 89
97 90
97 91
97 92
97 98
98 1
98 7
98 8
98 9
98 10
98 11
98 14
98 28
98 29
98 30
98 32
98 35
98 36
98 37
98 39
98 41
98 42
98 43
98 44
98 47
98 49
98 50
98 55
98 56
98 58
98 59
98 60
98 65
98 66
98 68
98 72
98 73
98 75
98 79
98 80
98 85
98 87
98 90
98 97
