100 100
1 1
98 98
1 8
1 15
1 16
1 17
1 25
1 29
1 31
1 34
1 36
1 37
1 38
1 56
1 58
1 59
1 66
1 75
1 79
1 80
1 81
1 88
1 96
1 97
1 98
2 10
2 12
2 19
2 22
2 24
2 37
2 38
2 43
2 46
2 48
2 55
2 58
2 60
2 63
2 64
2 65
2 71
2 74
2 76
2 77
2 78
2 82
2 87
2 91
2 96
2 97
3 3
3 4
3 5
3 7
3 15
3 19
3 26
3 28
3 35
3 48
3 52
3 53
3 57
3 59
3 66
3 69
3 73
3 75
3 86
3 90
3 92
4 7
4 14
4 22
4 24
4 27
4 28
4 30
4 35
4 39
4 46
4 53
4 58
4 60
4 74
4 81
4 89
4 92
4 98
5 1
5 5
5 8
5 13
5 14
5 21
5 26
5 27
5 29
5 32
5 35
5 38
5 41
5 46
5 51
5 53
5 58
5 66
5 68
5 70
5 80
5 84
5 86
5 90
5 92
5 93
5 96
5 98
6 2
6 7
6 10
6 18
6 28
6 29
6 34
6 37
6 40
6 44
6 49
6 53
6 54
6 57
6 58
6 59
6 60
6 63
6 64
6 66
6 67
6 69
6 76
6 79
6 80
6 83
6 84
6 85
6 87
6 88
6 94
6 97
7 1
7 26
7 31
7 32
7 50
7 51
7 52
7 54
7 55
7 94
7 96
8 3
8 5
8 9
8 18
8 22
8 24
8 25
8 37
8 42
8 44
8 46
8 51
8 53
8 54
8 55
8 57
8 60
8 67
8 71
8 74
8 75
8 76
8 83
8 84
8 88
8 97
9 1
9 11
9 13
9 20
9 25
9 28
9 29
9 45
9 48
9 54
9 57
9 58
9 65
9 66
9 67
9 69
9 74
9 75
9 81
9 83
9 90
9 91
9 92
9 98
10 2
10 9
10 18
10 31
10 35
10 36
10 37
10 39
10 47
10 48
10 49
10 57
10 58
10 59
10 64
10 66
10 71
10 83
10 88
10 93
10 96
10 98
11 12
11 14
11 17
11 25
11 30
11 37
11 46
11 50
11 57
11 60
11 69
11 74
11 76
11 80
11 82
11 87
11 90
12 8
12 19
12 24
12 28
12 38
12 41
12 50
12 54
12 68
12 73
12 78
12 82
12 84
12 91
12 92
12 94
12 95
12 96
13 1
13 3
13 4
13 10
13 13
13 17
13 18
13 19
13 28
13 35
13 38
13 39
13 47
13 50
13 61
13 68
13 69
13 70
13 76
13 81
13 86
13 88
13 93
13 97
13 98
14 5
14 6
14 7
14 9
14 12
14 13
14 26
14 30
14 39
14 43
14 49
14 50
14 55
14 57
14 58
14 66
14 70
14 73
14 79
14 82
14 83
14 87
14 88
14 91
15 3
15 6
15 9
15 16
15 21
15 24
15 27
15 37
15 38
15 42
15 43
15 44
15 45
15 54
15 65
15 66
15 69
15 73
15 82
15 84
15 86
15 95
16 6
16 7
16 12
16 14
16 16
16 21
16 23
16 51
16 54
16 55
16 57
16 58
16 60
16 65
16 66
16 69
16 71
16 75
16 77
16 80
16 82
16 87
16 91
17 4
17 5
17 11
17 14
17 16
17 23
17 25
17 31
17 38
17 47
17 50
17 56
17 61
17 64
17 67
17 74
17 76
17 77
17 82
17 86
17 87
17 88
17 98
18 1
18 13
18 19
18 25
18 26
18 30
18 40
18 41
18 42
18 48
18 51
18 54
18 56
18 57
18 61
18 64
18 70
18 72
18 76
18 84
18 96
18 97
18 98
19 1
19 2
19 3
19 18
19 32
19 44
19 45
19 51
19 59
19 63
19 64
19 72
19 76
19 80
20 8
20 10
20 12
20 25
20 33
20 37
20 38
20 42
20 43
20 48
20 54
20 55
20 58
20 60
20 63
20 66
20 68
20 70
20 71
20 72
20 75
20 76
20 81
21 18
21 22
21 26
21 27
21 30
21 31
21 42
21 47
21 57
21 64
21 74
21 77
21 78
21 90
22 2
22 4
22 19
22 37
22 40
22 41
22 42
22 43
22 47
22 48
22 50
22 52
22 53
22 62
22 67
22 68
22 71
22 75
22 84
22 87
22 98
23 4
23 7
23 9
23 10
23 19
23 20
23 27
23 28
23 31
23 38
23 40
23 43
23 49
23 52
23 62
23 65
23 71
23 74
23 77
23 79
23 80
23 86
23 87
23 94
24 11
24 16
24 28
24 33
24 40
24 42
24 44
24 50
24 51
24 52
24 57
24 64
24 76
24 84
25 1
25 8
25 9
25 13
25 14
25 16
25 26
25 38
25 39
25 42
25 53
25 54
25 57
25 58
25 59
25 61
25 62
25 64
25 71
25 82
25 85
25 88
25 89
25 90
25 92
26 1
26 4
26 13
26 22
26 23
26 26
26 29
26 35
26 36
26 37
26 39
26 63
26 69
26 71
26 74
26 78
26 82
26 84
26 87
26 89
26 90
26 92
26 94
26 95
26 96
27 2
27 5
27 9
27 14
27 20
27 25
27 29
27 31
27 42
27 44
27 49
27 54
27 60
27 71
27 76
27 77
27 80
27 84
27 87
27 89
27 95
28 12
28 22
28 23
28 28
28 41
28 56
28 58
28 63
28 65
28 68
28 69
28 82
28 83
28 93
28 95
28 98
29 3
29 7
29 10
29 13
29 18
29 24
29 36
29 37
29 47
29 48
29 49
29 50
29 52
29 53
29 60
29 63
29 64
29 72
29 74
29 75
29 79
29 89
30 15
30 17
30 18
30 19
30 24
30 26
30 30
30 32
30 43
30 47
30 49
30 57
30 58
30 69
30 72
30 80
30 87
30 89
30 95
31 1
31 16
31 18
31 19
31 20
31 31
31 36
31 39
31 42
31 46
31 47
31 49
31 52
31 53
31 54
31 56
31 62
31 69
31 71
31 74
31 77
31 84
31 85
31 90
31 92
31 93
31 95
31 96
32 1
32 7
32 12
32 14
32 17
32 19
32 41
32 46
32 49
32 50
32 54
32 58
32 66
32 69
32 73
32 74
32 78
32 79
32 81
32 84
32 85
32 89
32 92
33 1
33 3
33 6
33 9
33 13
33 28
33 29
33 35
33 39
33 45
33 49
33 50
33 57
33 58
33 64
33 68
33 69
33 70
33 72
33 73
33 75
33 87
33 90
33 91
33 93
33 96
33 98
34 7
34 9
34 10
34 17
34 28
34 29
34 34
34 36
34 37
34 39
34 40
34 41
34 44
34 45
34 50
34 55
34 56
34 60
34 69
34 73
34 77
34 78
34 84
34 90
34 97
35 1
35 3
35 4
35 5
35 17
35 26
35 27
35 30
35 31
35 43
35 45
35 50
35 52
35 55
35 57
35 58
35 73
35 74
35 75
35 85
35 86
35 87
36 1
36 7
36 11
36 12
36 18
36 19
36 22
36 28
36 32
36 39
36 43
36 48
36 50
36 54
36 67
36 73
36 74
36 75
36 76
36 83
36 85
36 86
36 87
36 89
36 90
36 96
37 4
37 17
37 19
37 24
37 36
37 43
37 45
37 62
37 64
37 66
37 72
37 77
37 82
37 87
37 91
37 96
37 98
38 3
38 6
38 8
38 12
38 16
38 17
38 23
38 30
38 36
38 41
38 43
38 46
38 47
38 49
38 50
38 56
38 57
38 60
38 63
38 64
38 65
38 70
38 73
38 76
38 78
38 85
38 86
38 89
38 96
39 3
39 12
39 16
39 20
39 21
39 22
39 29
39 32
39 33
39 37
39 39
39 41
39 42
39 44
39 47
39 53
39 57
39 58
39 59
39 60
39 63
39 64
39 70
39 76
39 84
39 85
39 88
39 90
39 91
39 97
40 1
40 3
40 5
40 6
40 11
40 18
40 19
40 25
40 26
40 40
40 41
40 47
40 49
40 51
40 52
40 65
40 72
40 73
40 81
40 88
40 95
40 98
41 9
41 13
41 16
41 22
41 29
41 30
41 31
41 37
41 47
41 48
41 56
41 57
41 68
41 72
41 73
41 79
41 80
41 81
41 83
41 85
41 92
41 93
41 95
41 96
42 3
42 6
42 8
42 9
42 17
42 19
42 20
42 21
42 22
42 25
42 27
42 28
42 37
42 39
42 48
42 52
42 63
42 68
42 72
42 75
42 80
42 82
42 94
42 97
43 3
43 5
43 7
43 9
43 10
43 14
43 17
43 18
43 24
43 25
43 39
43 44
43 45
43 51
43 54
43 62
43 67
43 71
43 76
43 79
43 82
43 88
43 93
43 96
43 97
43 98
44 3
44 6
44 16
44 18
44 19
44 24
44 26
44 32
44 36
44 45
44 46
44 52
44 53
44 61
44 69
44 76
44 77
44 79
44 82
44 86
44 88
44 89
44 95
45 5
45 6
45 8
45 31
45 32
45 35
45 38
45 51
45 54
45 57
45 58
45 60
45 64
45 66
45 68
45 69
45 71
45 72
45 73
45 80
45 85
45 87
45 88
45 96
46 11
46 14
46 18
46 19
46 21
46 23
46 24
46 31
46 33
46 35
46 38
46 43
46 53
46 66
46 86
46 90
46 93
46 94
47 1
47 8
47 9
47 17
47 26
47 32
47 33
47 35
47 51
47 53
47 56
47 60
47 68
47 73
47 74
47 75
47 80
47 81
47 84
47 89
47 91
47 98
48 2
48 5
48 9
48 12
48 13
48 17
48 19
48 30
48 35
48 37
48 39
48 42
48 44
48 53
48 56
48 57
48 63
48 68
48 72
48 73
48 76
48 88
48 90
48 91
48 98
49 8
49 17
49 20
49 22
49 23
49 29
49 41
49 46
49 49
49 51
49 52
49 54
49 57
49 59
49 62
49 63
49 73
49 74
49 79
49 84
49 88
49 89
49 95
50 1
50 3
50 5
50 8
50 9
50 14
50 20
50 22
50 25
50 26
50 33
50 45
50 48
50 52
50 58
50 60
50 61
50 66
50 69
50 80
50 82
50 83
50 85
50 86
50 87
50 88
50 90
50 91
51 1
51 2
51 8
51 13
51 17
51 18
51 23
51 31
51 49
51 56
51 60
51 64
51 67
51 68
51 75
51 77
51 79
51 81
52 2
52 5
52 10
52 11
52 13
52 14
52 18
52 19
52 22
52 23
52 29
52 31
52 32
52 33
52 37
52 42
52 44
52 53
52 59
52 61
52 72
52 73
52 75
52 77
52 78
52 84
52 90
52 92
52 94
53 3
53 5
53 23
53 24
53 25
53 26
53 28
53 29
53 32
53 39
53 40
53 41
53 44
53 46
53 51
53 62
53 66
53 71
53 75
53 81
53 82
53 85
53 98
54 3
54 9
54 12
54 14
54 15
54 17
54 19
54 35
54 40
54 43
54 49
54 55
54 65
54 68
54 76
54 77
54 79
54 80
54 81
54 83
54 86
54 87
54 88
54 92
54 95
55 5
55 8
55 10
55 21
55 25
55 30
55 33
55 34
55 37
55 44
55 45
55 52
55 54
55 58
55 76
55 78
55 79
55 83
55 85
55 86
55 96
56 1
56 2
56 6
56 13
56 20
56 26
56 30
56 35
56 49
56 54
56 58
56 59
56 71
56 80
56 83
56 86
56 90
56 94
56 96
57 3
57 8
57 9
57 10
57 25
57 29
57 33
57 36
57 44
57 48
57 49
57 51
57 60
57 68
57 72
57 80
57 81
57 94
57 97
58 4
58 14
58 17
58 18
58 19
58 25
58 30
58 34
58 37
58 38
58 44
58 49
58 50
58 52
58 55
58 66
58 78
58 85
58 86
58 91
59 2
59 5
59 14
59 16
59 18
59 19
59 20
59 27
59 29
59 40
59 42
59 51
59 52
59 56
59 59
59 66
59 73
59 74
59 77
59 78
59 84
59 91
60 4
60 8
60 12
60 15
60 27
60 31
60 34
60 46
60 47
60 50
60 52
60 57
60 59
60 62
60 63
60 70
60 72
60 75
60 80
60 87
60 90
60 95
60 96
61 2
61 4
61 10
61 12
61 14
61 16
61 27
61 28
61 39
61 44
61 46
61 49
61 52
61 53
61 55
61 57
61 70
61 73
61 82
61 93
62 5
62 22
62 23
62 27
62 32
62 34
62 36
62 41
62 42
62 43
62 46
62 47
62 50
62 52
62 61
62 68
62 69
62 74
62 80
62 81
62 82
62 84
63 3
63 8
63 12
63 14
63 21
63 32
63 33
63 34
63 55
63 62
63 63
63 72
63 73
63 76
63 79
63 80
63 82
63 85
63 88
64 3
64 4
64 16
64 17
64 20
64 28
64 29
64 36
64 41
64 44
64 46
64 49
64 56
64 59
64 64
64 68
64 70
64 76
64 87
64 93
64 98
65 6
65 13
65 14
65 15
65 16
65 17
65 20
65 27
65 33
65 34
65 40
65 41
65 47
65 48
65 55
65 58
65 59
65 62
65 64
65 66
65 67
65 68
65 72
65 81
65 82
65 88
65 90
65 91
65 93
65 94
65 98
66 2
66 4
66 6
66 7
66 22
66 24
66 25
66 26
66 31
66 42
66 44
66 52
66 53
66 54
66 56
66 61
66 65
66 74
66 77
66 78
66 80
66 82
66 86
66 91
66 95
66 96
67 2
67 9
67 19
67 20
67 31
67 33
67 34
67 40
67 43
67 52
67 54
67 56
67 57
67 71
67 73
67 75
67 80
67 82
67 93
68 1
68 12
68 15
68 20
68 30
68 38
68 39
68 43
68 50
68 61
68 71
68 72
68 76
68 77
68 97
68 98
69 5
69 9
69 13
69 16
69 17
69 20
69 22
69 23
69 24
69 25
69 29
69 36
69 39
69 45
69 59
69 62
69 65
69 66
69 70
69 71
69 86
69 88
69 94
70 4
70 11
70 15
70 20
70 30
70 31
70 33
70 35
70 38
70 44
70 52
70 57
70 58
70 60
70 71
70 72
70 74
70 79
70 83
70 86
70 97
71 2
71 7
71 17
71 18
71 33
71 36
71 40
71 41
71 42
71 45
71 46
71 60
71 61
71 62
71 66
71 72
71 73
71 76
71 79
71 81
71 90
72 4
72 7
72 9
72 13
72 17
72 21
72 28
72 33
72 35
72 49
72 50
72 59
72 65
72 72
72 80
72 82
72 88
72 89
72 90
72 92
72 93
72 96
72 97
73 3
73 9
73 10
73 26
73 27
73 29
73 36
73 46
73 50
73 53
73 57
73 62
73 74
73 76
73 80
73 86
73 97
74 3
74 7
74 12
74 15
74 18
74 23
74 28
74 31
74 32
74 35
74 36
74 37
74 41
74 49
74 53
74 61
74 78
74 85
74 87
74 91
74 93
75 1
75 2
75 7
75 16
75 17
75 21
75 24
75 30
75 31
75 36
75 44
75 47
75 49
75 51
75 55
75 59
75 60
75 62
75 63
75 64
75 68
75 71
75 77
75 85
75 87
75 92
75 94
76 4
76 5
76 9
76 12
76 21
76 22
76 32
76 37
76 39
76 40
76 42
76 57
76 60
76 61
76 63
76 78
76 80
76 84
76 91
76 97
77 6
77 8
77 9
77 13
77 14
77 16
77 17
77 18
77 22
77 25
77 29
77 33
77 34
77 44
77 48
77 49
77 53
77 59
77 64
77 65
77 68
77 78
77 80
77 82
77 84
77 87
77 88
77 91
77 93
78 1
78 9
78 15
78 18
78 23
78 25
78 30
78 32
78 36
78 46
78 47
78 49
78 52
78 59
78 60
78 63
78 65
78 68
78 69
78 75
78 85
78 87
78 94
78 97
78 98
79 7
79 9
79 13
79 33
79 38
79 45
79 49
79 58
79 66
79 68
79 72
79 73
79 80
79 81
79 82
79 84
79 89
79 95
80 1
80 2
80 12
80 13
80 18
80 19
80 26
80 28
80 29
80 33
80 49
80 51
80 54
80 61
80 69
80 71
80 77
80 79
80 85
80 90
80 92
80 93
80 94
80 96
80 97
81 1
81 4
81 15
81 29
81 34
81 49
81 55
81 57
81 61
81 68
81 69
81 81
81 91
81 92
81 97
82 2
82 8
82 12
82 13
82 15
82 16
82 22
82 23
82 28
82 29
82 30
82 32
82 35
82 36
82 40
82 44
82 46
82 51
82 52
82 61
82 65
82 69
82 70
82 74
82 77
82 78
82 82
82 83
82 87
82 93
82 95
82 96
82 97
83 3
83 4
83 5
83 18
83 19
83 27
83 30
83 32
83 37
83 38
83 45
83 50
83 64
83 77
83 78
83 79
83 80
83 85
83 88
83 90
83 92
83 97
84 1
84 13
84 18
84 20
84 21
84 23
84 29
84 46
84 47
84 48
84 50
84 64
84 67
84 69
84 80
84 82
84 87
84 88
85 1
85 11
85 13
85 20
85 22
85 25
85 26
85 33
85 44
85 48
85 50
85 54
85 59
85 63
85 73
85 77
85 89
85 93
85 98
86 8
86 9
86 13
86 14
86 22
86 24
86 28
86 42
86 51
86 56
86 59
86 61
86 63
86 65
86 67
86 69
86 71
86 76
86 77
86 80
86 86
86 89
86 91
87 10
87 11
87 12
87 14
87 19
87 21
87 22
87 31
87 33
87 38
87 39
87 44
87 45
87 48
87 53
87 57
87 62
87 72
87 84
87 87
87 97
87 98
88 1
88 2
88 3
88 10
88 15
88 20
88 22
88 23
88 42
88 50
88 51
88 56
88 57
88 61
88 64
88 65
88 72
88 80
88 81
88 85
88 91
88 92
88 96
89 5
89 11
89 12
89 15
89 17
89 21
89 22
89 23
89 35
89 38
89 45
89 48
89 61
89 66
89 69
89 76
89 79
89 82
89 90
89 91
89 92
89 95
90 3
90 7
90 14
90 15
90 23
90 27
90 28
90 35
90 37
90 38
90 41
90 43
90 50
90 54
90 57
90 71
90 72
90 77
90 78
90 79
90 83
90 92
90 95
91 5
91 11
91 16
91 30
91 33
91 42
91 48
91 50
91 51
91 65
91 76
91 82
91 85
91 90
91 93
92 1
92 7
92 8
92 12
92 14
92 19
92 20
92 39
92 44
92 47
92 48
92 53
92 55
92 59
92 60
92 62
92 71
92 79
92 88
92 96
93 12
93 16
93 18
93 25
93 27
93 31
93 32
93 35
93 36
93 37
93 46
93 49
93 52
93 57
93 61
93 62
93 65
93 66
93 69
93 73
93 77
93 78
93 80
93 86
93 90
93 95
94 4
94 7
94 10
94 11
94 19
94 24
94 35
94 39
94 46
94 52
94 60
94 70
94 72
94 73
94 74
94 78
94 83
94 85
94 88
94 89
94 90
94 92
94 98
95 3
95 6
95 11
95 15
95 20
95 25
95 34
95 37
95 38
95 46
95 60
95 62
95 65
95 71
95 72
95 74
95 80
95 81
95 83
95 84
95 85
95 89
96 1
96 3
96 7
96 14
96 16
96 17
96 19
96 25
96 26
96 30
96 32
96 34
96 37
96 38
96 46
96 48
96 49
96 51
96 52
96 56
96 57
96 61
96 63
96 69
96 70
96 71
96 74
96 90
96 92
96 98
97 1
97 3
97 11
97 12
97 14
97 16
97 20
97 24
97 25
97 27
97 30
97 33
97 37
97 39
97 40
97 44
97 45
97 56
97 64
97 73
97 74
97 78
97 79
97 83
97 88
97 91
98 1
98 5
98 9
98 10
98 12
98 13
98 14
98 23
98 25
98 28
98 29
98 41
98 44
98 45
98 47
98 51
98 54
98 62
98 66
98 70
98 72
98 75
98 76
98 79
98 91
98 92
98 96
