200 200
1 1
198 198
1 3
1 6
1 7
1 8
1 11
1 19
1 20
1 23
1 24
1 26
1 29
1 31
1 35
1 36
1 38
1 46
1 47
1 52
1 58
1 61
1 62
1 63
1 65
1 71
1 73
1 76
1 78
1 80
1 81
1 82
1 84
1 88
1 90
1 94
1 102
1 103
1 108
1 113
1 122
1 128
1 134
1 135
1 144
1 152
1 153
1 156
1 158
1 160
1 162
1 163
1 166
1 169
1 173
1 176
1 179
1 181
1 185
1 189
1 191
2 3
2 10
2 12
2 14
2 18
2 21
2 22
2 27
2 29
2 31
2 34
2 43
2 45
2 49
2 53
2 62
2 69
2 71
2 72
2 74
2 76
2 77
2 78
2 81
2 82
2 84
2 85
2 90
2 92
2 93
2 109
2 114
2 126
2 127
2 142
2 143
2 148
2 151
2 157
2 158
2 170
2 174
2 177
2 186
2 189
2 190
2 194
2 196
3 7
3 8
3 9
3 10
3 16
3 27
3 32
3 42
3 44
3 45
3 47
3 49
3 50
3 53
3 55
3 60
3 65
3 67
3 69
3 70
3 80
3 83
3 85
3 86
3 89
3 100
3 110
3 116
3 123
3 125
3 126
3 127
3 129
3 131
3 134
3 142
3 147
3 148
3 154
3 158
3 160
3 163
3 166
3 178
3 179
3 182
3 192
3 194
3 196
3 198
4 8
4 13
4 20
4 34
4 37
4 44
4 51
4 57
4 59
4 61
4 65
4 66
4 67
4 77
4 87
4 90
4 92
4 96
4 103
4 113
4 117
4 121
4 123
4 124
4 142
4 148
4 154
4 161
4 172
4 173
4 177
4 179
4 180
4 188
4 189
4 195
4 197
5 1
5 7
5 15
5 17
5 25
5 27
5 34
5 37
5 38
5 39
5 43
5 45
5 49
5 60
5 64
5 65
5 72
5 73
5 74
5 81
5 100
5 104
5 107
5 111
5 115
5 116
5 121
5 123
5 124
5 130
5 136
5 140
5 141
5 142
5 150
5 156
5 163
5 169
5 171
5 173
5 180
5 184
5 188
5 195
5 197
6 16
6 18
6 24
6 25
6 32
6 35
6 37
6 39
6 46
6 56
6 67
6 68
6 80
6 81
6 86
6 89
6 108
6 112
6 116
6 123
6 150
6 158
6 165
6 169
6 173
6 176
6 184
7 10
7 11
7 13
7 15
7 30
7 37
7 40
7 41
7 42
7 48
7 50
7 51
7 53
7 61
7 65
7 66
7 67
7 70
7 77
7 78
7 80
7 81
7 84
7 93
7 105
7 110
7 114
7 118
7 124
7 129
7 131
7 134
7 135
7 137
7 141
7 149
7 150
7 154
7 158
7 166
7 172
7 186
7 187
7 188
7 192
7 195
7 196
8 1
8 18
8 19
8 25
8 31
8 50
8 58
8 62
8 67
8 70
8 73
8 79
8 85
8 86
8 87
8 98
8 104
8 107
8 111
8 118
8 126
8 144
8 149
8 151
8 155
8 157
8 161
8 166
8 167
8 173
8 184
8 185
8 196
8 198
9 6
9 10
9 11
9 13
9 16
9 18
9 21
9 24
9 29
9 30
9 35
9 46
9 47
9 54
9 58
9 61
9 68
9 71
9 72
9 76
9 79
9 80
9 83
9 87
9 108
9 111
9 113
9 114
9 147
9 153
9 157
9 159
9 160
9 162
9 163
9 171
9 173
9 185
9 194
9 197
10 5
10 22
10 32
10 36
10 40
10 43
10 49
10 58
10 66
10 67
10 69
10 84
10 93
10 96
10 97
10 100
10 106
10 107
10 108
10 110
10 117
10 118
10 119
10 125
10 131
10 140
10 144
10 145
10 146
10 148
10 151
10 155
10 165
10 169
10 182
11 3
11 8
11 11
11 12
11 17
11 23
11 25
11 30
11 35
11 48
11 51
11 56
11 63
11 64
11 71
11 72
11 79
11 85
11 86
11 98
11 99
11 100
11 101
11 102
11 107
11 112
11 116
11 135
11 141
11 142
11 144
11 145
11 148
11 155
11 156
11 157
11 180
11 186
11 188
11 191
11 192
12 1
12 4
12 17
12 18
12 19
12 21
12 26
12 31
12 35
12 36
12 37
12 38
12 53
12 55
12 58
12 61
12 63
12 75
12 78
12 85
12 86
12 87
12 88
12 90
12 92
12 98
12 108
12 109
12 113
12 114
12 120
12 124
12 127
12 129
12 131
12 133
12 134
12 136
12 137
12 138
12 139
12 141
12 143
12 144
12 145
12 147
12 149
12 153
12 154
12 155
12 156
12 158
12 159
12 165
12 166
12 169
12 175
12 176
12 178
12 181
12 184
12 185
12 194
12 195
13 2
13 6
13 13
13 16
13 17
13 18
13 19
13 20
13 22
13 23
13 24
13 26
13 33
13 34
13 38
13 43
13 46
13 47
13 51
13 53
13 54
13 55
13 69
13 71
13 81
13 83
13 88
13 94
13 97
13 101
13 109
13 110
13 113
13 123
13 127
13 134
13 143
13 147
13 152
13 167
13 186
13 191
13 193
13 195
14 4
14 8
14 9
14 12
14 18
14 19
14 24
14 25
14 35
14 44
14 46
14 48
14 51
14 52
14 54
14 60
14 61
14 62
14 63
14 64
14 65
14 67
14 68
14 81
14 82
14 84
14 85
14 97
14 107
14 109
14 111
14 112
14 113
14 116
14 121
14 127
14 130
14 135
14 141
14 142
14 152
14 156
14 160
14 168
14 180
14 183
14 185
14 189
14 190
14 193
14 194
15 14
15 21
15 26
15 32
15 33
15 35
15 40
15 44
15 47
15 55
15 57
15 65
15 79
15 82
15 85
15 91
15 92
15 93
15 95
15 97
15 98
15 101
15 103
15 110
15 111
15 116
15 126
15 128
15 130
15 133
15 134
15 135
15 136
15 138
15 140
15 141
15 147
15 159
15 160
15 166
15 168
15 174
15 177
15 178
15 183
15 189
15 198
16 8
16 19
16 26
16 30
16 37
16 40
16 52
16 56
16 58
16 61
16 64
16 69
16 74
16 76
16 85
16 86
16 88
16 93
16 101
16 102
16 104
16 109
16 112
16 115
16 119
16 126
16 128
16 129
16 134
16 139
16 144
16 146
16 148
16 150
16 156
16 174
16 180
16 191
16 192
16 196
17 2
17 5
17 12
17 13
17 16
17 23
17 31
17 35
17 38
17 48
17 49
17 50
17 51
17 53
17 58
17 62
17 64
17 66
17 72
17 80
17 81
17 83
17 90
17 95
17 99
17 111
17 116
17 119
17 121
17 122
17 123
17 124
17 132
17 135
17 141
17 142
17 151
17 155
17 159
17 163
17 165
17 167
17 169
17 176
17 187
17 196
18 5
18 12
18 14
18 17
18 19
18 23
18 25
18 27
18 34
18 36
18 38
18 39
18 42
18 45
18 46
18 52
18 53
18 54
18 55
18 56
18 58
18 63
18 67
18 90
18 109
18 114
18 122
18 123
18 129
18 133
18 151
18 160
18 161
18 168
18 171
18 172
18 175
18 176
18 177
18 183
18 184
18 186
18 191
18 192
19 2
19 3
19 5
19 11
19 12
19 26
19 28
19 35
19 39
19 45
19 48
19 58
19 59
19 62
19 64
19 65
19 68
19 71
19 73
19 75
19 78
19 80
19 82
19 91
19 94
19 100
19 101
19 102
19 103
19 104
19 111
19 118
19 120
19 124
19 130
19 131
19 135
19 136
19 137
19 139
19 140
19 142
19 149
19 155
19 161
19 165
19 166
19 173
19 176
19 177
19 180
19 181
19 191
19 192
20 7
20 10
20 11
20 17
20 28
20 32
20 39
20 40
20 42
20 43
20 44
20 47
20 52
20 55
20 56
20 57
20 58
20 59
20 61
20 63
20 65
20 66
20 71
20 73
20 79
20 80
20 81
20 94
20 97
20 99
20 111
20 112
20 117
20 120
20 122
20 125
20 129
20 136
20 139
20 140
20 141
20 147
20 148
20 150
20 155
20 158
20 163
20 165
20 181
20 188
20 195
20 198
21 5
21 6
21 10
21 12
21 15
21 16
21 17
21 20
21 21
21 22
21 23
21 29
21 36
21 37
21 38
21 39
21 40
21 45
21 49
21 56
21 57
21 62
21 70
21 72
21 80
21 85
21 86
21 89
21 92
21 94
21 97
21 100
21 101
21 105
21 110
21 112
21 113
21 117
21 119
21 122
21 129
21 139
21 141
21 146
21 147
21 154
21 158
21 159
21 163
21 164
21 167
21 179
21 181
21 187
21 190
22 3
22 12
22 23
22 25
22 34
22 40
22 41
22 43
22 49
22 50
22 64
22 65
22 69
22 70
22 73
22 76
22 81
22 86
22 90
22 91
22 98
22 103
22 105
22 108
22 115
22 116
22 119
22 120
22 122
22 127
22 131
22 136
22 137
22 144
22 146
22 151
22 157
22 162
22 174
22 175
22 183
22 184
22 191
22 196
23 3
23 8
23 11
23 12
23 13
23 23
23 25
23 27
23 29
23 30
23 44
23 47
23 54
23 55
23 62
23 65
23 67
23 82
23 84
23 87
23 108
23 116
23 119
23 121
23 135
23 137
23 138
23 139
23 140
23 143
23 145
23 150
23 167
23 170
23 175
23 178
23 185
23 188
23 191
23 194
24 4
24 9
24 10
24 14
24 18
24 19
24 20
24 26
24 33
24 36
24 41
24 45
24 60
24 63
24 76
24 80
24 82
24 85
24 86
24 88
24 93
24 106
24 108
24 116
24 119
24 122
24 125
24 126
24 127
24 128
24 132
24 136
24 137
24 147
24 148
24 149
24 150
24 154
24 155
24 157
24 158
24 170
24 173
24 176
24 177
24 182
24 183
24 187
24 194
24 196
24 197
25 2
25 17
25 18
25 27
25 29
25 30
25 34
25 44
25 49
25 52
25 56
25 57
25 61
25 68
25 74
25 76
25 77
25 79
25 84
25 92
25 98
25 103
25 119
25 127
25 130
25 138
25 147
25 148
25 154
25 156
25 164
25 166
25 168
25 176
25 182
25 183
25 186
25 187
25 195
26 5
26 10
26 12
26 26
26 27
26 31
26 38
26 45
26 49
26 53
26 60
26 61
26 65
26 66
26 76
26 81
26 97
26 102
26 105
26 106
26 108
26 112
26 138
26 149
26 151
26 158
26 162
26 176
26 182
26 188
26 190
26 194
27 4
27 6
27 33
27 34
27 43
27 44
27 46
27 51
27 53
27 55
27 57
27 59
27 67
27 72
27 74
27 76
27 84
27 86
27 88
27 90
27 91
27 98
27 100
27 106
27 107
27 117
27 118
27 122
27 124
27 129
27 139
27 146
27 148
27 149
27 150
27 151
27 153
27 155
27 158
27 160
27 161
27 166
27 167
27 169
27 182
27 187
27 194
27 195
27 196
28 11
28 12
28 14
28 17
28 25
28 29
28 33
28 37
28 39
28 43
28 49
28 53
28 56
28 62
28 63
28 66
28 70
28 74
28 82
28 86
28 87
28 93
28 104
28 107
28 111
28 116
28 129
28 134
28 135
28 140
28 148
28 150
28 151
28 157
28 160
28 163
28 164
28 165
28 168
28 171
28 173
28 178
28 183
28 188
28 190
28 196
28 197
29 6
29 8
29 11
29 12
29 19
29 27
29 41
29 46
29 47
29 49
29 56
29 65
29 69
29 72
29 84
29 88
29 94
29 98
29 99
29 101
29 107
29 109
29 116
29 129
29 136
29 138
29 139
29 141
29 148
29 152
29 154
29 156
29 161
29 166
29 173
29 178
29 186
29 188
29 190
29 191
29 194
29 196
30 3
30 5
30 9
30 21
30 22
30 30
30 42
30 43
30 45
30 52
30 66
30 73
30 76
30 79
30 85
30 87
30 107
30 113
30 118
30 119
30 125
30 127
30 135
30 136
30 143
30 144
30 153
30 160
30 163
30 166
30 178
30 187
31 3
31 4
31 18
31 24
31 25
31 32
31 40
31 44
31 45
31 52
31 58
31 61
31 63
31 66
31 67
31 68
31 74
31 75
31 78
31 80
31 85
31 89
31 91
31 93
31 96
31 98
31 99
31 103
31 104
31 106
31 109
31 112
31 114
31 123
31 129
31 132
31 134
31 138
31 139
31 143
31 151
31 153
31 154
31 159
31 160
31 163
31 166
31 167
31 169
31 172
31 182
31 189
31 191
31 198
32 3
32 7
32 8
32 12
32 14
32 15
32 21
32 22
32 36
32 39
32 40
32 42
32 48
32 49
32 51
32 61
32 68
32 79
32 82
32 85
32 89
32 94
32 104
32 107
32 109
32 113
32 124
32 132
32 138
32 141
32 146
32 148
32 149
32 152
32 164
32 170
32 173
32 180
32 193
33 1
33 9
33 10
33 23
33 24
33 25
33 29
33 36
33 43
33 44
33 48
33 50
33 51
33 57
33 58
33 62
33 64
33 66
33 69
33 72
33 74
33 75
33 80
33 85
33 86
33 102
33 105
33 109
33 115
33 129
33 133
33 138
33 143
33 144
33 146
33 152
33 157
33 158
33 160
33 166
33 167
33 168
33 172
33 173
33 184
34 1
34 2
34 6
34 10
34 17
34 20
34 31
34 33
34 39
34 46
34 52
34 53
34 59
34 62
34 69
34 70
34 71
34 79
34 82
34 84
34 89
34 91
34 92
34 95
34 104
34 107
34 110
34 115
34 118
34 122
34 126
34 130
34 137
34 138
34 143
34 144
34 149
34 151
34 158
34 161
34 169
34 172
34 173
34 177
34 181
34 191
34 195
34 198
35 10
35 12
35 13
35 24
35 36
35 49
35 51
35 57
35 71
35 90
35 91
35 92
35 96
35 97
35 103
35 109
35 111
35 115
35 122
35 124
35 131
35 142
35 145
35 151
35 156
35 160
35 167
35 173
35 174
35 175
35 176
35 192
35 194
35 196
35 197
35 198
36 2
36 4
36 9
36 10
36 12
36 15
36 26
36 31
36 32
36 36
36 50
36 52
36 59
36 64
36 67
36 69
36 72
36 76
36 78
36 81
36 82
36 83
36 95
36 98
36 105
36 109
36 110
36 112
36 113
36 118
36 121
36 122
36 124
36 127
36 130
36 132
36 141
36 149
36 154
36 155
36 159
36 163
36 172
36 176
36 182
36 186
36 191
36 194
36 196
37 5
37 10
37 16
37 27
37 31
37 32
37 34
37 37
37 39
37 45
37 46
37 52
37 64
37 70
37 72
37 77
37 80
37 84
37 102
37 113
37 124
37 128
37 137
37 138
37 139
37 142
37 148
37 155
37 163
37 164
37 167
37 174
37 176
37 180
37 184
37 187
37 198
38 2
38 15
38 19
38 24
38 26
38 27
38 28
38 29
38 36
38 37
38 39
38 41
38 43
38 46
38 48
38 49
38 53
38 57
38 58
38 61
38 66
38 83
38 84
38 88
38 89
38 90
38 92
38 93
38 94
38 95
38 96
38 110
38 121
38 137
38 140
38 142
38 143
38 144
38 145
38 148
38 149
38 151
38 170
38 172
38 174
38 175
38 185
38 186
38 192
38 193
38 196
39 1
39 4
39 6
39 10
39 12
39 14
39 17
39 18
39 19
39 21
39 27
39 35
39 39
39 48
39 57
39 59
39 62
39 67
39 70
39 74
39 76
39 79
39 86
39 94
39 95
39 103
39 109
39 117
39 121
39 129
39 133
39 137
39 141
39 148
39 151
39 152
39 154
39 156
39 157
39 161
39 162
39 166
39 170
39 176
39 177
39 181
39 182
39 188
39 194
39 195
40 4
40 5
40 8
40 12
40 15
40 19
40 20
40 21
40 22
40 28
40 30
40 36
40 47
40 51
40 53
40 54
40 61
40 72
40 73
40 88
40 90
40 100
40 103
40 108
40 116
40 138
40 143
40 144
40 150
40 152
40 153
40 155
40 157
40 159
40 166
40 172
40 173
40 175
40 176
40 178
40 180
40 190
40 191
40 192
41 8
41 10
41 19
41 20
41 23
41 26
41 39
41 40
41 45
41 52
41 56
41 60
41 66
41 68
41 76
41 77
41 80
41 81
41 86
41 88
41 91
41 93
41 96
41 99
41 101
41 105
41 107
41 110
41 122
41 133
41 135
41 146
41 148
41 151
41 160
41 173
41 177
41 180
41 184
41 189
41 193
42 4
42 7
42 9
42 10
42 14
42 30
42 33
42 36
42 50
42 56
42 59
42 60
42 62
42 70
42 77
42 79
42 88
42 97
42 99
42 100
42 109
42 112
42 114
42 115
42 121
42 123
42 128
42 129
42 139
42 146
42 148
42 149
42 152
42 155
42 161
42 162
42 166
42 168
42 169
42 184
42 188
42 194
43 6
43 11
43 16
43 29
43 31
43 32
43 34
43 42
43 48
43 49
43 61
43 63
43 64
43 71
43 80
43 87
43 89
43 93
43 95
43 116
43 118
43 120
43 125
43 128
43 134
43 136
43 140
43 141
43 144
43 148
43 162
43 163
43 166
43 167
43 169
43 173
43 175
43 176
43 187
43 191
43 194
43 197
44 2
44 13
44 27
44 40
44 44
44 47
44 51
44 52
44 58
44 61
44 65
44 66
44 69
44 72
44 73
44 81
44 85
44 89
44 90
44 91
44 97
44 102
44 105
44 107
44 108
44 110
44 111
44 122
44 125
44 128
44 131
44 134
44 135
44 136
44 137
44 138
44 141
44 143
44 157
44 158
44 163
44 175
44 179
44 187
44 192
44 196
44 197
45 4
45 5
45 6
45 9
45 17
45 23
45 28
45 29
45 36
45 39
45 41
45 46
45 51
45 58
45 60
45 70
45 76
45 77
45 82
45 88
45 96
45 104
45 115
45 123
45 130
45 132
45 133
45 138
45 140
45 141
45 144
45 146
45 150
45 156
45 164
45 166
45 167
45 169
45 170
45 171
45 185
45 188
45 189
45 192
45 195
45 196
45 197
46 1
46 9
46 18
46 25
46 37
46 46
46 51
46 54
46 55
46 61
46 63
46 69
46 70
46 74
46 79
46 85
46 87
46 90
46 91
46 92
46 95
46 96
46 98
46 100
46 101
46 104
46 107
46 115
46 127
46 134
46 154
46 156
46 157
46 166
46 168
46 170
46 171
46 174
46 181
46 184
46 187
46 189
46 192
46 193
46 196
47 1
47 2
47 4
47 5
47 6
47 8
47 11
47 14
47 15
47 21
47 29
47 31
47 33
47 38
47 40
47 44
47 48
47 52
47 56
47 72
47 82
47 85
47 86
47 88
47 96
47 101
47 103
47 106
47 110
47 111
47 115
47 116
47 117
47 118
47 121
47 127
47 131
47 132
47 137
47 139
47 141
47 144
47 150
47 152
47 157
47 160
47 165
47 177
47 181
47 183
48 9
48 14
48 23
48 27
48 31
48 33
48 36
48 46
48 54
48 58
48 63
48 64
48 70
48 77
48 96
48 102
48 105
48 108
48 110
48 113
48 115
48 116
48 122
48 123
48 125
48 126
48 136
48 151
48 155
48 157
48 158
48 174
48 182
48 187
48 188
48 190
48 191
48 194
49 20
49 21
49 27
49 45
49 53
49 54
49 55
49 62
49 63
49 69
49 72
49 79
49 80
49 83
49 84
49 85
49 88
49 89
49 95
49 96
49 104
49 107
49 114
49 115
49 118
49 122
49 123
49 126
49 129
49 140
49 141
49 142
49 143
49 146
49 147
49 148
49 151
49 167
49 169
49 170
49 172
49 184
49 185
49 191
49 192
49 196
50 14
50 17
50 26
50 27
50 29
50 35
50 39
50 46
50 49
50 52
50 53
50 55
50 57
50 59
50 61
50 63
50 69
50 78
50 79
50 82
50 86
50 89
50 94
50 96
50 99
50 100
50 102
50 104
50 105
50 107
50 110
50 114
50 115
50 116
50 121
50 123
50 124
50 127
50 138
50 141
50 149
50 156
50 157
50 159
50 160
50 161
50 163
50 166
50 168
50 171
50 179
50 187
50 189
50 195
51 2
51 4
51 6
51 8
51 9
51 11
51 13
51 15
51 30
51 36
51 47
51 50
51 52
51 56
51 61
51 65
51 83
51 87
51 91
51 93
51 100
51 104
51 105
51 124
51 125
51 127
51 143
51 146
51 155
51 158
51 162
51 169
51 171
51 176
51 178
51 180
51 181
51 183
51 185
51 194
51 198
52 7
52 10
52 16
52 26
52 27
52 30
52 34
52 37
52 38
52 41
52 43
52 48
52 49
52 54
52 58
52 65
52 70
52 72
52 73
52 77
52 79
52 88
52 92
52 96
52 98
52 101
52 102
52 103
52 104
52 110
52 113
52 117
52 118
52 124
52 125
52 129
52 131
52 137
52 141
52 145
52 152
52 153
52 155
52 156
52 181
52 182
52 185
52 187
52 192
52 194
53 10
53 12
53 16
53 17
53 24
53 25
53 27
53 34
53 39
53 47
53 52
53 58
53 65
53 74
53 75
53 76
53 79
53 82
53 84
53 89
53 91
53 104
53 106
53 112
53 114
53 117
53 120
53 122
53 127
53 139
53 142
53 148
53 152
53 167
53 170
53 171
53 173
53 182
53 188
53 189
53 191
53 194
54 7
54 9
54 10
54 17
54 21
54 26
54 34
54 35
54 37
54 41
54 43
54 45
54 56
54 58
54 59
54 62
54 73
54 86
54 93
54 97
54 109
54 110
54 120
54 123
54 134
54 138
54 141
54 142
54 152
54 157
54 158
54 159
54 160
54 173
54 179
54 181
54 183
54 185
54 188
54 191
55 4
55 15
55 21
55 23
55 24
55 25
55 36
55 39
55 42
55 44
55 45
55 47
55 58
55 59
55 62
55 73
55 77
55 79
55 84
55 87
55 88
55 91
55 92
55 94
55 98
55 103
55 109
55 110
55 115
55 119
55 123
55 129
55 133
55 134
55 135
55 136
55 147
55 152
55 155
55 156
55 157
55 160
55 161
55 162
55 165
55 171
55 172
55 179
55 194
55 197
56 1
56 11
56 13
56 16
56 18
56 20
56 32
56 37
56 41
56 52
56 59
56 70
56 78
56 85
56 86
56 89
56 94
56 97
56 110
56 115
56 118
56 121
56 126
56 131
56 132
56 133
56 137
56 142
56 145
56 146
56 150
56 156
56 168
56 171
56 181
56 183
56 186
56 188
57 2
57 6
57 9
57 17
57 22
57 27
57 32
57 39
57 43
57 44
57 52
57 55
57 58
57 65
57 74
57 75
57 77
57 79
57 81
57 86
57 90
57 101
57 102
57 105
57 110
57 114
57 120
57 134
57 140
57 147
57 151
57 161
57 162
57 164
57 168
57 169
57 170
57 173
57 177
57 178
57 179
57 185
57 187
57 188
57 190
57 193
58 11
58 16
58 17
58 22
58 27
58 40
58 42
58 51
58 54
58 55
58 72
58 73
58 74
58 76
58 78
58 79
58 84
58 89
58 90
58 92
58 93
58 94
58 106
58 111
58 116
58 123
58 126
58 142
58 147
58 151
58 155
58 156
58 160
58 163
58 170
58 171
58 183
58 193
58 194
58 196
59 6
59 7
59 14
59 21
59 22
59 27
59 36
59 43
59 46
59 51
59 55
59 68
59 71
59 72
59 73
59 75
59 80
59 83
59 84
59 85
59 93
59 98
59 102
59 105
59 110
59 132
59 135
59 136
59 141
59 143
59 144
59 149
59 150
59 151
59 155
59 156
59 159
59 169
59 172
59 179
59 180
59 184
59 186
59 190
59 191
60 5
60 6
60 22
60 25
60 27
60 29
60 32
60 37
60 40
60 47
60 50
60 54
60 59
60 60
60 62
60 64
60 68
60 70
60 71
60 80
60 82
60 93
60 97
60 103
60 108
60 117
60 125
60 128
60 139
60 143
60 144
60 153
60 156
60 169
60 172
60 175
60 179
60 181
60 182
60 183
60 189
60 191
60 196
61 4
61 9
61 10
61 14
61 15
61 16
61 20
61 23
61 30
61 36
61 39
61 53
61 57
61 59
61 63
61 64
61 69
61 71
61 73
61 74
61 75
61 77
61 82
61 85
61 86
61 90
61 92
61 102
61 104
61 113
61 127
61 134
61 140
61 145
61 151
61 157
61 161
61 166
61 168
61 169
61 170
61 181
61 191
61 194
61 198
62 1
62 12
62 13
62 15
62 16
62 19
62 32
62 37
62 41
62 44
62 49
62 51
62 52
62 54
62 55
62 68
62 72
62 74
62 76
62 77
62 83
62 88
62 92
62 93
62 99
62 104
62 116
62 122
62 128
62 129
62 131
62 134
62 138
62 144
62 148
62 150
62 153
62 156
62 158
62 162
62 166
62 176
62 178
62 180
62 186
62 193
62 195
62 196
62 198
63 3
63 7
63 10
63 13
63 15
63 18
63 19
63 25
63 31
63 34
63 35
63 40
63 42
63 47
63 48
63 54
63 55
63 66
63 69
63 83
63 84
63 93
63 95
63 96
63 99
63 106
63 108
63 115
63 117
63 126
63 127
63 133
63 144
63 157
63 160
63 161
63 162
63 163
63 168
63 169
63 171
63 175
63 176
63 179
63 183
63 186
63 187
63 193
63 195
63 196
63 197
64 2
64 5
64 8
64 9
64 13
64 16
64 17
64 26
64 30
64 32
64 33
64 37
64 41
64 45
64 47
64 59
64 60
64 73
64 74
64 91
64 93
64 96
64 99
64 101
64 102
64 105
64 110
64 120
64 123
64 124
64 125
64 130
64 136
64 149
64 150
64 152
64 156
64 158
64 162
64 164
64 171
64 178
64 180
64 181
64 182
64 183
64 189
64 191
64 192
64 193
64 194
65 2
65 8
65 16
65 18
65 19
65 26
65 30
65 31
65 36
65 39
65 40
65 42
65 47
65 48
65 49
65 67
65 70
65 78
65 83
65 85
65 89
65 99
65 103
65 112
65 114
65 116
65 124
65 135
65 139
65 141
65 144
65 145
65 148
65 150
65 152
65 154
65 163
65 166
65 173
65 175
65 178
65 180
65 183
65 184
65 188
65 198
66 2
66 14
66 16
66 19
66 22
66 25
66 28
66 31
66 35
66 36
66 39
66 41
66 46
66 49
66 50
66 61
66 62
66 68
66 69
66 71
66 76
66 78
66 81
66 89
66 92
66 94
66 95
66 98
66 103
66 104
66 109
66 115
66 117
66 118
66 126
66 133
66 140
66 145
66 148
66 151
66 152
66 153
66 156
66 157
66 160
66 162
66 167
66 168
66 174
66 177
66 180
66 183
66 187
66 191
67 1
67 10
67 11
67 13
67 14
67 21
67 31
67 37
67 39
67 40
67 44
67 47
67 51
67 52
67 57
67 80
67 86
67 87
67 90
67 92
67 104
67 105
67 113
67 116
67 122
67 135
67 142
67 148
67 149
67 158
67 160
67 163
67 166
67 174
67 177
67 183
67 186
67 191
67 197
68 7
68 15
68 21
68 27
68 30
68 34
68 35
68 37
68 42
68 45
68 51
68 56
68 60
68 63
68 64
68 66
68 67
68 73
68 77
68 78
68 82
68 85
68 88
68 92
68 104
68 111
68 122
68 125
68 146
68 149
68 157
68 165
68 166
68 171
68 175
68 179
68 180
68 185
68 195
69 3
69 5
69 12
69 13
69 14
69 15
69 18
69 28
69 35
69 37
69 39
69 41
69 54
69 56
69 63
69 70
69 71
69 90
69 91
69 95
69 97
69 104
69 105
69 106
69 111
69 114
69 120
69 123
69 124
69 126
69 132
69 144
69 147
69 162
69 174
69 175
69 176
69 184
69 185
69 191
69 194
70 2
70 14
70 21
70 26
70 36
70 39
70 44
70 50
70 56
70 58
70 61
70 65
70 76
70 77
70 84
70 92
70 98
70 102
70 106
70 111
70 116
70 120
70 123
70 125
70 128
70 132
70 133
70 136
70 138
70 145
70 149
70 155
70 157
70 159
70 161
70 166
70 170
70 174
70 177
70 178
70 183
70 184
70 187
71 2
71 4
71 6
71 7
71 9
71 10
71 13
71 21
71 33
71 36
71 40
71 43
71 45
71 48
71 49
71 51
71 57
71 60
71 70
71 73
71 86
71 106
71 119
71 121
71 124
71 126
71 135
71 151
71 152
71 153
71 159
71 166
71 168
71 169
71 171
71 173
71 175
71 177
71 183
71 197
72 1
72 11
72 15
72 19
72 29
72 41
72 42
72 49
72 50
72 55
72 59
72 61
72 62
72 79
72 81
72 90
72 95
72 97
72 98
72 106
72 113
72 116
72 117
72 119
72 126
72 145
72 147
72 154
72 157
72 159
72 160
72 161
72 162
72 169
72 173
72 174
72 182
72 185
72 191
72 194
72 198
73 3
73 11
73 14
73 16
73 20
73 24
73 25
73 26
73 28
73 30
73 35
73 37
73 40
73 43
73 45
73 46
73 49
73 50
73 54
73 57
73 60
73 67
73 73
73 74
73 81
73 86
73 88
73 91
73 104
73 107
73 109
73 111
73 113
73 125
73 130
73 133
73 134
73 137
73 139
73 140
73 142
73 149
73 151
73 154
73 156
73 159
73 160
73 161
73 165
73 167
73 170
73 172
73 174
73 176
73 180
73 185
73 197
74 1
74 3
74 6
74 8
74 12
74 15
74 17
74 25
74 27
74 32
74 37
74 38
74 42
74 45
74 50
74 55
74 63
74 65
74 66
74 72
74 83
74 84
74 94
74 103
74 105
74 109
74 113
74 114
74 115
74 118
74 128
74 132
74 138
74 142
74 143
74 144
74 148
74 150
74 151
74 152
74 159
74 160
74 179
74 192
74 194
74 196
74 197
75 6
75 8
75 11
75 12
75 17
75 26
75 27
75 33
75 38
75 40
75 42
75 44
75 52
75 57
75 66
75 67
75 73
75 74
75 85
75 88
75 91
75 109
75 116
75 117
75 120
75 125
75 134
75 136
75 143
75 149
75 153
75 154
75 155
75 157
75 163
75 166
75 179
75 180
75 186
75 191
75 197
76 5
76 7
76 8
76 11
76 16
76 28
76 31
76 48
76 53
76 55
76 65
76 69
76 78
76 91
76 97
76 102
76 106
76 109
76 111
76 112
76 121
76 133
76 134
76 142
76 144
76 147
76 150
76 151
76 155
76 164
76 168
76 179
76 183
76 186
76 191
76 193
76 194
76 196
76 197
77 3
77 7
77 8
77 11
77 16
77 23
77 24
77 28
77 30
77 34
77 39
77 43
77 53
77 56
77 57
77 59
77 60
77 65
77 74
77 76
77 79
77 83
77 84
77 87
77 89
77 93
77 95
77 97
77 101
77 109
77 113
77 114
77 115
77 120
77 132
77 134
77 146
77 152
77 154
77 156
77 159
77 160
77 162
77 167
77 168
77 174
77 178
77 180
77 181
77 190
77 193
77 194
77 197
78 1
78 4
78 5
78 17
78 26
78 30
78 33
78 35
78 36
78 38
78 43
78 45
78 51
78 52
78 58
78 59
78 67
78 79
78 85
78 92
78 94
78 105
78 112
78 122
78 128
78 129
78 134
78 137
78 140
78 141
78 160
78 162
78 171
78 173
78 182
78 184
78 186
78 188
78 192
79 4
79 7
79 19
79 20
79 27
79 35
79 40
79 44
79 45
79 53
79 54
79 56
79 67
79 70
79 71
79 72
79 79
79 81
79 88
79 108
79 109
79 112
79 124
79 127
79 132
79 137
79 143
79 159
79 169
79 176
79 177
79 180
79 181
79 193
79 196
79 197
80 2
80 20
80 27
80 31
80 51
80 56
80 57
80 58
80 59
80 68
80 72
80 76
80 77
80 79
80 82
80 84
80 85
80 90
80 94
80 95
80 96
80 98
80 100
80 105
80 109
80 121
80 126
80 130
80 131
80 146
80 147
80 151
80 153
80 157
80 159
80 163
80 164
80 166
80 175
80 176
80 179
80 183
80 195
80 198
81 7
81 10
81 15
81 20
81 27
81 31
81 36
81 38
81 40
81 41
81 42
81 51
81 53
81 58
81 61
81 65
81 69
81 71
81 72
81 82
81 99
81 106
81 109
81 111
81 113
81 115
81 128
81 129
81 142
81 143
81 147
81 150
81 153
81 156
81 158
81 159
81 160
81 164
81 175
81 177
81 178
81 180
81 181
81 182
81 197
82 4
82 5
82 11
82 15
82 20
82 30
82 34
82 35
82 40
82 42
82 43
82 45
82 52
82 54
82 55
82 60
82 62
82 63
82 69
82 73
82 74
82 76
82 81
82 84
82 86
82 88
82 89
82 91
82 92
82 95
82 99
82 100
82 109
82 118
82 120
82 126
82 130
82 133
82 135
82 145
82 152
82 157
82 160
82 167
82 174
82 176
82 177
82 187
82 189
82 190
82 192
82 193
82 195
83 8
83 11
83 13
83 19
83 22
83 35
83 38
83 42
83 46
83 52
83 56
83 63
83 70
83 71
83 77
83 79
83 81
83 85
83 92
83 94
83 98
83 101
83 110
83 112
83 116
83 119
83 120
83 122
83 128
83 130
83 140
83 150
83 153
83 159
83 160
83 172
83 176
83 192
83 193
83 195
84 5
84 6
84 12
84 14
84 30
84 34
84 36
84 42
84 44
84 50
84 52
84 57
84 59
84 61
84 64
84 70
84 74
84 76
84 84
84 86
84 90
84 103
84 108
84 110
84 116
84 124
84 127
84 128
84 129
84 136
84 137
84 140
84 143
84 153
84 157
84 167
84 168
84 170
84 179
84 180
84 181
84 182
84 192
85 1
85 4
85 8
85 9
85 12
85 13
85 16
85 23
85 29
85 32
85 39
85 45
85 46
85 49
85 52
85 55
85 57
85 64
85 65
85 66
85 70
85 73
85 75
85 83
85 84
85 86
85 93
85 95
85 97
85 102
85 110
85 111
85 113
85 116
85 123
85 127
85 133
85 135
85 138
85 141
85 145
85 146
85 152
85 153
85 156
85 163
85 164
85 165
85 170
85 171
85 173
85 190
86 4
86 6
86 11
86 21
86 24
86 31
86 32
86 33
86 39
86 40
86 52
86 54
86 55
86 58
86 61
86 63
86 64
86 75
86 80
86 81
86 83
86 84
86 86
86 97
86 110
86 111
86 125
86 129
86 131
86 133
86 139
86 140
86 142
86 158
86 161
86 167
86 169
86 171
86 174
86 178
86 179
86 186
86 189
86 190
86 191
86 192
86 194
87 24
87 25
87 32
87 34
87 41
87 43
87 50
87 52
87 58
87 62
87 67
87 70
87 74
87 82
87 84
87 88
87 89
87 99
87 101
87 102
87 107
87 108
87 109
87 117
87 119
87 122
87 127
87 132
87 139
87 142
87 148
87 150
87 156
87 157
87 160
87 161
87 162
87 176
87 181
87 182
87 184
87 188
87 189
88 2
88 11
88 15
88 20
88 28
88 29
88 31
88 32
88 43
88 44
88 47
88 58
88 61
88 62
88 64
88 66
88 69
88 72
88 74
88 83
88 85
88 89
88 93
88 94
88 95
88 98
88 109
88 112
88 122
88 125
88 132
88 134
88 137
88 148
88 154
88 160
88 162
88 163
88 175
88 176
88 180
88 186
89 2
89 3
89 5
89 6
89 7
89 9
89 13
89 16
89 21
89 34
89 41
89 42
89 45
89 47
89 49
89 51
89 52
89 57
89 59
89 60
89 63
89 65
89 69
89 73
89 81
89 82
89 92
89 96
89 99
89 104
89 106
89 107
89 108
89 113
89 117
89 120
89 129
89 135
89 137
89 141
89 143
89 145
89 152
89 159
89 160
89 161
89 168
89 191
89 193
89 196
90 10
90 11
90 12
90 21
90 22
90 24
90 38
90 42
90 49
90 51
90 53
90 59
90 70
90 74
90 84
90 92
90 94
90 100
90 101
90 105
90 107
90 108
90 110
90 127
90 128
90 129
90 138
90 140
90 148
90 149
90 151
90 155
90 157
90 158
90 166
90 171
90 178
90 184
90 186
90 188
90 191
90 192
90 193
90 194
90 197
91 2
91 7
91 13
91 14
91 17
91 21
91 31
91 41
91 42
91 44
91 46
91 51
91 52
91 64
91 68
91 69
91 71
91 74
91 78
91 91
91 92
91 95
91 99
91 107
91 113
91 115
91 120
91 121
91 133
91 134
91 148
91 152
91 158
91 161
91 162
91 170
91 176
91 178
91 182
91 183
91 184
91 185
91 188
91 194
92 4
92 6
92 8
92 14
92 15
92 16
92 31
92 32
92 39
92 45
92 46
92 48
92 55
92 56
92 63
92 64
92 65
92 69
92 71
92 73
92 75
92 79
92 86
92 88
92 92
92 93
92 101
92 104
92 110
92 114
92 116
92 119
92 126
92 128
92 132
92 134
92 137
92 149
92 153
92 158
92 161
92 162
92 169
92 170
92 172
92 173
92 174
92 178
92 179
92 181
92 182
92 188
92 192
92 197
93 10
93 15
93 18
93 23
93 29
93 30
93 32
93 34
93 37
93 39
93 49
93 51
93 54
93 62
93 71
93 72
93 75
93 78
93 81
93 85
93 88
93 90
93 91
93 95
93 97
93 100
93 109
93 111
93 123
93 126
93 130
93 131
93 134
93 135
93 137
93 144
93 153
93 160
93 162
93 165
93 177
93 188
94 13
94 15
94 16
94 20
94 25
94 27
94 37
94 53
94 56
94 60
94 86
94 87
94 88
94 91
94 95
94 106
94 115
94 116
94 118
94 119
94 122
94 126
94 132
94 136
94 138
94 139
94 140
94 149
94 153
94 159
94 166
94 171
94 173
94 179
94 193
94 194
94 195
94 197
95 5
95 10
95 11
95 19
95 27
95 35
95 41
95 42
95 44
95 45
95 46
95 48
95 50
95 51
95 53
95 55
95 63
95 66
95 68
95 69
95 76
95 78
95 83
95 89
95 105
95 108
95 111
95 114
95 124
95 131
95 133
95 134
95 138
95 140
95 150
95 152
95 154
95 167
95 172
95 175
95 176
95 181
95 183
96 5
96 17
96 19
96 20
96 27
96 29
96 32
96 36
96 39
96 40
96 42
96 46
96 50
96 52
96 64
96 65
96 72
96 81
96 84
96 89
96 91
96 92
96 99
96 104
96 107
96 108
96 112
96 116
96 120
96 121
96 124
96 126
96 134
96 135
96 136
96 139
96 142
96 143
96 150
96 153
96 155
96 163
96 170
96 180
96 181
96 183
96 187
96 188
96 189
96 194
96 197
97 1
97 3
97 6
97 12
97 28
97 31
97 38
97 41
97 44
97 59
97 60
97 63
97 64
97 71
97 73
97 80
97 81
97 83
97 84
97 95
97 97
97 99
97 101
97 105
97 112
97 119
97 120
97 124
97 125
97 130
97 145
97 147
97 150
97 152
97 162
97 166
97 175
97 181
97 184
97 189
97 192
97 197
97 198
98 3
98 7
98 9
98 14
98 20
98 26
98 30
98 31
98 37
98 41
98 42
98 51
98 63
98 66
98 68
98 69
98 73
98 74
98 82
98 83
98 86
98 92
98 95
98 105
98 108
98 110
98 111
98 114
98 135
98 140
98 144
98 156
98 166
98 176
98 180
99 6
99 7
99 21
99 24
99 25
99 27
99 29
99 34
99 41
99 51
99 52
99 55
99 65
99 66
99 72
99 73
99 77
99 82
99 90
99 94
99 96
99 97
99 109
99 129
99 130
99 133
99 136
99 137
99 140
99 144
99 150
99 155
99 157
99 160
99 163
99 166
99 169
99 176
99 177
99 182
99 189
99 190
99 194
99 198
100 4
100 9
100 23
100 24
100 26
100 27
100 28
100 29
100 33
100 40
100 49
100 51
100 54
100 58
100 63
100 72
100 78
100 83
100 85
100 89
100 90
100 96
100 99
100 101
100 109
100 122
100 126
100 128
100 129
100 136
100 146
100 150
100 152
100 166
100 167
100 169
100 170
100 173
100 177
100 185
100 195
100 198
101 1
101 8
101 9
101 11
101 18
101 31
101 33
101 37
101 39
101 41
101 45
101 51
101 52
101 53
101 54
101 55
101 60
101 65
101 69
101 71
101 79
101 80
101 82
101 92
101 98
101 100
101 104
101 105
101 107
101 111
101 112
101 114
101 125
101 127
101 132
101 133
101 135
101 138
101 139
101 142
101 144
101 147
101 152
101 155
101 159
101 161
101 163
101 173
101 184
101 185
101 190
101 193
101 197
102 5
102 6
102 8
102 9
102 12
102 13
102 17
102 20
102 22
102 27
102 28
102 30
102 45
102 47
102 49
102 56
102 59
102 61
102 63
102 72
102 73
102 88
102 96
102 98
102 109
102 112
102 116
102 122
102 124
102 130
102 133
102 135
102 138
102 144
102 146
102 147
102 153
102 154
102 155
102 159
102 161
102 165
102 167
102 172
102 173
102 174
102 184
102 187
102 194
103 4
103 12
103 24
103 30
103 31
103 49
103 52
103 55
103 63
103 65
103 66
103 67
103 71
103 74
103 75
103 76
103 80
103 87
103 92
103 93
103 94
103 96
103 102
103 119
103 121
103 122
103 124
103 131
103 134
103 135
103 141
103 146
103 149
103 153
103 158
103 160
103 180
103 182
103 185
103 189
103 193
103 195
104 9
104 10
104 11
104 13
104 14
104 19
104 21
104 29
104 34
104 37
104 38
104 42
104 43
104 45
104 48
104 51
104 56
104 60
104 61
104 65
104 66
104 76
104 77
104 79
104 80
104 82
104 83
104 88
104 94
104 98
104 100
104 103
104 106
104 109
104 115
104 117
104 118
104 119
104 135
104 143
104 147
104 149
104 158
104 162
104 166
104 167
104 176
104 180
104 182
104 184
104 189
104 194
105 2
105 8
105 13
105 17
105 19
105 20
105 25
105 30
105 32
105 33
105 35
105 37
105 39
105 40
105 45
105 60
105 65
105 67
105 76
105 78
105 81
105 86
105 102
105 103
105 108
105 109
105 110
105 111
105 116
105 118
105 119
105 127
105 137
105 139
105 141
105 142
105 148
105 151
105 160
105 165
105 166
105 168
105 171
105 179
105 180
105 183
105 187
106 4
106 11
106 12
106 28
106 32
106 34
106 36
106 37
106 38
106 40
106 42
106 44
106 53
106 62
106 63
106 65
106 69
106 73
106 74
106 83
106 84
106 91
106 92
106 100
106 103
106 113
106 114
106 121
106 132
106 134
106 141
106 143
106 144
106 145
106 149
106 151
106 164
106 165
106 174
106 178
106 180
106 189
106 193
106 194
106 195
107 9
107 10
107 12
107 14
107 19
107 22
107 31
107 35
107 36
107 38
107 42
107 45
107 46
107 56
107 64
107 68
107 69
107 75
107 77
107 97
107 103
107 106
107 107
107 122
107 128
107 129
107 137
107 139
107 147
107 153
107 155
107 164
107 165
107 176
107 183
107 193
107 196
108 9
108 10
108 11
108 16
108 18
108 23
108 34
108 36
108 40
108 44
108 45
108 48
108 53
108 57
108 65
108 66
108 67
108 70
108 89
108 95
108 97
108 98
108 100
108 107
108 115
108 118
108 126
108 129
108 132
108 141
108 143
108 146
108 165
108 169
108 174
108 181
108 182
108 185
108 186
108 197
109 3
109 6
109 7
109 8
109 9
109 12
109 14
109 15
109 23
109 27
109 36
109 44
109 52
109 53
109 55
109 59
109 65
109 76
109 102
109 109
109 110
109 114
109 118
109 119
109 130
109 137
109 138
109 139
109 146
109 151
109 153
109 155
109 159
109 163
109 169
109 174
109 175
109 180
109 182
109 184
109 186
109 197
110 1
110 5
110 7
110 15
110 25
110 36
110 37
110 38
110 39
110 40
110 55
110 59
110 63
110 85
110 87
110 88
110 95
110 98
110 106
110 107
110 110
110 111
110 113
110 114
110 129
110 132
110 136
110 141
110 144
110 150
110 154
110 160
110 166
110 175
110 176
110 185
110 186
110 194
110 197
111 3
111 20
111 24
111 31
111 32
111 33
111 36
111 37
111 38
111 41
111 43
111 45
111 51
111 52
111 56
111 63
111 66
111 68
111 69
111 71
111 74
111 80
111 86
111 90
111 99
111 106
111 109
111 111
111 112
111 113
111 114
111 120
111 124
111 142
111 143
111 147
111 154
111 158
111 159
111 167
111 173
111 179
111 181
111 185
111 198
112 2
112 5
112 19
112 20
112 26
112 36
112 37
112 43
112 46
112 49
112 52
112 53
112 54
112 56
112 60
112 61
112 63
112 75
112 76
112 82
112 85
112 86
112 89
112 96
112 100
112 106
112 107
112 113
112 114
112 126
112 132
112 134
112 136
112 137
112 140
112 141
112 152
112 155
112 163
112 168
112 170
112 180
112 189
113 1
113 3
113 4
113 10
113 12
113 13
113 26
113 27
113 29
113 30
113 36
113 38
113 43
113 55
113 60
113 61
113 62
113 72
113 74
113 84
113 85
113 95
113 96
113 99
113 100
113 102
113 104
113 105
113 106
113 110
113 116
113 118
113 119
113 120
113 122
113 130
113 131
113 132
113 135
113 138
113 141
113 149
113 150
113 152
113 154
113 157
113 160
113 167
113 171
113 181
113 182
113 185
113 186
113 190
113 194
113 198
114 3
114 5
114 12
114 20
114 22
114 26
114 27
114 30
114 39
114 40
114 42
114 43
114 46
114 55
114 56
114 58
114 64
114 73
114 80
114 81
114 85
114 87
114 88
114 93
114 94
114 100
114 102
114 103
114 106
114 108
114 111
114 116
114 117
114 123
114 125
114 130
114 131
114 133
114 138
114 142
114 144
114 155
114 156
114 157
114 158
114 159
114 161
114 165
114 169
114 172
114 174
114 175
114 188
114 198
115 8
115 11
115 12
115 13
115 14
115 29
115 46
115 49
115 51
115 53
115 66
115 85
115 93
115 101
115 105
115 106
115 109
115 110
115 111
115 115
115 126
115 129
115 134
115 135
115 138
115 139
115 143
115 152
115 155
115 170
115 175
115 177
115 178
115 179
115 184
116 2
116 5
116 9
116 13
116 20
116 26
116 28
116 32
116 33
116 35
116 43
116 45
116 49
116 57
116 74
116 79
116 87
116 88
116 94
116 99
116 106
116 111
116 115
116 123
116 124
116 125
116 133
116 152
116 155
116 156
116 157
116 158
116 159
116 162
116 166
116 172
116 174
116 180
116 185
116 188
116 190
116 194
116 197
116 198
117 1
117 2
117 4
117 5
117 9
117 13
117 14
117 18
117 26
117 27
117 41
117 46
117 51
117 75
117 82
117 88
117 90
117 92
117 99
117 104
117 108
117 109
117 115
117 120
117 128
117 129
117 130
117 135
117 138
117 140
117 141
117 144
117 145
117 146
117 148
117 151
117 153
117 155
117 169
117 172
117 175
117 176
117 178
117 181
117 184
117 191
117 197
118 10
118 11
118 19
118 22
118 24
118 26
118 28
118 31
118 32
118 34
118 37
118 41
118 42
118 54
118 56
118 58
118 61
118 63
118 71
118 78
118 80
118 83
118 94
118 99
118 102
118 103
118 107
118 111
118 115
118 138
118 140
118 144
118 148
118 150
118 152
118 156
118 161
118 165
118 170
118 174
118 175
118 177
118 193
118 195
118 196
119 1
119 2
119 11
119 14
119 15
119 16
119 26
119 41
119 43
119 46
119 51
119 53
119 58
119 72
119 73
119 74
119 75
119 85
119 86
119 88
119 98
119 99
119 104
119 107
119 118
119 119
119 122
119 128
119 133
119 134
119 135
119 136
119 137
119 143
119 153
119 156
119 163
119 174
119 181
119 185
119 186
119 188
119 191
120 2
120 10
120 12
120 14
120 16
120 27
120 28
120 36
120 41
120 44
120 55
120 56
120 58
120 59
120 64
120 69
120 71
120 73
120 83
120 92
120 104
120 107
120 109
120 111
120 113
120 114
120 117
120 131
120 139
120 140
120 142
120 147
120 150
120 151
120 153
120 158
120 160
120 165
120 182
120 186
120 190
121 5
121 9
121 16
121 21
121 31
121 36
121 41
121 43
121 46
121 53
121 54
121 61
121 62
121 84
121 87
121 88
121 89
121 90
121 93
121 94
121 96
121 100
121 103
121 109
121 113
121 118
121 121
121 122
121 123
121 124
121 127
121 138
121 146
121 150
121 151
121 155
121 167
121 170
121 174
121 176
121 180
121 182
121 184
121 188
121 192
121 193
122 2
122 7
122 23
122 29
122 33
122 38
122 40
122 56
122 59
122 63
122 64
122 66
122 68
122 69
122 71
122 76
122 78
122 80
122 84
122 89
122 92
122 110
122 118
122 119
122 121
122 135
122 140
122 141
122 148
122 150
122 155
122 158
122 161
122 162
122 163
122 166
122 173
122 175
122 178
122 182
122 186
122 187
122 189
122 195
122 196
122 198
123 12
123 25
123 26
123 27
123 33
123 34
123 36
123 43
123 44
123 45
123 49
123 56
123 59
123 62
123 63
123 65
123 68
123 71
123 72
123 75
123 77
123 78
123 79
123 81
123 82
123 84
123 86
123 89
123 90
123 91
123 93
123 95
123 96
123 102
123 105
123 113
123 119
123 121
123 128
123 129
123 132
123 146
123 148
123 162
123 166
123 167
123 170
123 176
123 180
123 183
123 190
123 191
123 196
123 197
123 198
124 7
124 12
124 17
124 18
124 28
124 31
124 32
124 35
124 37
124 46
124 50
124 56
124 63
124 66
124 80
124 91
124 97
124 98
124 104
124 110
124 113
124 115
124 117
124 118
124 122
124 123
124 129
124 136
124 144
124 145
124 148
124 150
124 153
124 160
124 162
124 164
124 167
124 169
124 173
124 176
124 185
124 187
124 188
124 191
125 13
125 14
125 17
125 19
125 21
125 28
125 29
125 33
125 34
125 36
125 39
125 43
125 45
125 48
125 61
125 70
125 72
125 75
125 77
125 83
125 95
125 96
125 106
125 111
125 116
125 117
125 119
125 120
125 121
125 125
125 126
125 127
125 131
125 138
125 162
125 173
125 174
125 177
125 179
125 183
125 184
125 186
125 190
125 197
126 3
126 5
126 8
126 11
126 37
126 51
126 59
126 64
126 69
126 72
126 73
126 75
126 77
126 78
126 79
126 85
126 88
126 93
126 115
126 118
126 121
126 136
126 137
126 138
126 141
126 143
126 145
126 151
126 152
126 155
126 157
126 158
126 163
126 169
126 170
126 172
126 174
126 180
126 186
126 188
126 197
127 10
127 14
127 22
127 23
127 43
127 56
127 59
127 63
127 71
127 79
127 81
127 87
127 90
127 92
127 93
127 97
127 99
127 103
127 106
127 110
127 112
127 114
127 117
127 118
127 119
127 122
127 125
127 126
127 129
127 131
127 133
127 134
127 137
127 143
127 156
127 159
127 161
127 165
127 167
127 176
127 180
127 181
127 184
127 186
127 188
127 190
127 192
128 2
128 3
128 7
128 11
128 13
128 14
128 37
128 40
128 43
128 44
128 49
128 53
128 56
128 60
128 65
128 68
128 69
128 70
128 77
128 79
128 81
128 84
128 89
128 100
128 102
128 106
128 109
128 113
128 114
128 121
128 122
128 123
128 124
128 125
128 127
128 131
128 132
128 135
128 136
128 137
128 141
128 143
128 145
128 154
128 156
128 157
128 166
128 168
128 176
128 177
128 178
128 180
128 183
128 196
129 5
129 9
129 11
129 15
129 19
129 25
129 31
129 36
129 37
129 42
129 45
129 47
129 53
129 62
129 77
129 89
129 91
129 108
129 109
129 115
129 119
129 127
129 130
129 137
129 148
129 154
129 170
129 175
129 179
129 180
129 185
129 189
130 3
130 6
130 12
130 15
130 17
130 20
130 21
130 23
130 25
130 28
130 30
130 32
130 33
130 35
130 41
130 43
130 45
130 47
130 54
130 55
130 56
130 62
130 70
130 74
130 88
130 94
130 101
130 110
130 111
130 113
130 115
130 118
130 121
130 132
130 134
130 139
130 141
130 144
130 160
130 165
130 166
130 170
130 175
130 178
130 188
130 190
130 196
131 2
131 11
131 14
131 17
131 23
131 24
131 28
131 29
131 34
131 35
131 37
131 47
131 50
131 55
131 56
131 57
131 61
131 82
131 83
131 87
131 89
131 102
131 105
131 110
131 114
131 116
131 118
131 120
131 127
131 129
131 131
131 132
131 134
131 147
131 150
131 158
131 160
131 161
131 163
131 169
131 172
131 190
131 191
131 195
132 4
132 5
132 7
132 8
132 9
132 11
132 13
132 16
132 18
132 29
132 33
132 36
132 41
132 42
132 51
132 53
132 57
132 63
132 66
132 69
132 70
132 73
132 74
132 75
132 81
132 83
132 91
132 92
132 95
132 100
132 102
132 104
132 109
132 116
132 121
132 123
132 130
132 135
132 136
132 137
132 140
132 148
132 151
132 153
132 154
132 165
132 166
132 167
132 169
132 170
132 175
132 190
133 5
133 6
133 12
133 16
133 28
133 29
133 36
133 37
133 39
133 44
133 45
133 49
133 52
133 54
133 57
133 60
133 64
133 70
133 74
133 81
133 84
133 91
133 94
133 98
133 100
133 110
133 122
133 124
133 138
133 141
133 142
133 146
133 160
133 169
133 174
133 176
133 181
133 184
133 190
133 196
133 197
134 3
134 16
134 19
134 20
134 23
134 29
134 33
134 34
134 41
134 42
134 45
134 58
134 62
134 64
134 77
134 79
134 84
134 94
134 99
134 101
134 107
134 109
134 115
134 123
134 125
134 126
134 131
134 135
134 140
134 142
134 145
134 150
134 161
134 162
134 163
134 167
134 168
134 179
134 182
134 185
134 193
134 197
135 1
135 3
135 14
135 15
135 17
135 24
135 29
135 31
135 35
135 39
135 45
135 48
135 53
135 58
135 59
135 62
135 64
135 69
135 75
135 77
135 80
135 86
135 93
135 94
135 95
135 98
135 99
135 100
135 109
135 117
135 122
135 126
135 135
135 140
135 145
135 150
135 154
135 158
135 176
135 182
135 184
135 185
135 189
135 191
135 192
135 198
136 4
136 11
136 12
136 13
136 14
136 34
136 40
136 45
136 47
136 49
136 58
136 61
136 66
136 77
136 78
136 80
136 87
136 93
136 105
136 107
136 108
136 111
136 124
136 126
136 131
136 132
136 133
136 136
136 142
136 145
136 149
136 151
136 154
136 158
136 161
136 164
136 165
136 171
136 177
136 182
136 183
136 184
136 188
136 193
136 195
136 197
137 1
137 2
137 3
137 5
137 10
137 12
137 15
137 26
137 33
137 34
137 37
137 39
137 40
137 43
137 44
137 46
137 47
137 54
137 56
137 59
137 60
137 64
137 66
137 67
137 70
137 78
137 80
137 86
137 88
137 89
137 92
137 93
137 109
137 112
137 113
137 114
137 115
137 118
137 121
137 122
137 127
137 131
137 132
137 133
137 137
137 144
137 146
137 149
137 152
137 156
137 185
137 188
137 190
137 192
137 195
137 196
138 7
138 11
138 14
138 15
138 23
138 24
138 26
138 28
138 30
138 35
138 37
138 38
138 43
138 46
138 51
138 65
138 79
138 80
138 82
138 84
138 91
138 100
138 102
138 104
138 112
138 115
138 118
138 120
138 121
138 123
138 127
138 130
138 140
138 145
138 146
138 147
138 160
138 170
138 172
138 181
138 187
138 189
138 190
138 193
139 1
139 4
139 6
139 15
139 21
139 22
139 26
139 27
139 30
139 31
139 33
139 34
139 35
139 38
139 42
139 44
139 46
139 49
139 50
139 53
139 57
139 63
139 66
139 67
139 89
139 100
139 106
139 113
139 114
139 116
139 119
139 121
139 134
139 136
139 141
139 142
139 143
139 148
139 153
139 156
139 166
139 169
139 181
139 184
139 195
140 6
140 12
140 16
140 18
140 19
140 28
140 33
140 34
140 37
140 42
140 44
140 47
140 48
140 52
140 57
140 60
140 67
140 74
140 79
140 81
140 85
140 90
140 96
140 97
140 98
140 116
140 119
140 128
140 133
140 135
140 136
140 138
140 143
140 146
140 155
140 166
140 167
140 171
140 176
140 185
140 188
140 198
141 7
141 8
141 9
141 11
141 12
141 13
141 14
141 27
141 29
141 36
141 37
141 51
141 69
141 72
141 87
141 88
141 90
141 91
141 100
141 108
141 109
141 128
141 131
141 134
141 142
141 151
141 152
141 157
141 162
141 174
141 180
141 181
141 186
141 197
141 198
142 8
142 12
142 13
142 15
142 16
142 18
142 23
142 24
142 27
142 34
142 36
142 37
142 39
142 41
142 45
142 48
142 53
142 57
142 62
142 65
142 68
142 69
142 71
142 73
142 82
142 95
142 102
142 107
142 110
142 111
142 127
142 128
142 130
142 132
142 133
142 138
142 143
142 144
142 147
142 149
142 163
142 166
142 184
142 185
142 186
142 193
143 1
143 4
143 6
143 7
143 14
143 17
143 18
143 19
143 34
143 37
143 41
143 45
143 46
143 57
143 58
143 64
143 69
143 75
143 77
143 87
143 91
143 92
143 99
143 102
143 105
143 108
143 113
143 117
143 122
143 124
143 128
143 129
143 134
143 136
143 138
143 139
143 150
143 151
143 155
143 159
143 164
143 168
143 169
143 174
143 176
143 177
143 184
143 187
143 188
143 194
143 198
144 1
144 5
144 6
144 12
144 13
144 18
144 22
144 25
144 30
144 35
144 36
144 40
144 49
144 56
144 67
144 69
144 74
144 77
144 81
144 93
144 95
144 101
144 104
144 105
144 111
144 112
144 120
144 121
144 128
144 137
144 140
144 149
144 152
144 162
144 166
144 167
144 169
144 187
144 194
145 12
145 25
145 33
145 46
145 48
145 54
145 57
145 68
145 69
145 70
145 73
145 79
145 81
145 84
145 99
145 101
145 103
145 105
145 106
145 109
145 114
145 117
145 122
145 126
145 128
145 132
145 133
145 136
145 140
145 144
145 151
145 154
145 155
145 156
145 158
145 159
145 160
145 162
145 173
145 174
145 176
145 178
145 180
145 188
145 190
145 191
146 1
146 9
146 17
146 18
146 27
146 28
146 30
146 32
146 36
146 42
146 44
146 46
146 51
146 52
146 53
146 54
146 59
146 73
146 78
146 82
146 88
146 91
146 96
146 98
146 99
146 110
146 111
146 122
146 123
146 124
146 132
146 136
146 137
146 138
146 143
146 153
146 156
146 158
146 172
146 183
146 186
146 189
146 191
146 193
147 2
147 13
147 15
147 18
147 22
147 29
147 35
147 39
147 41
147 46
147 49
147 53
147 56
147 59
147 63
147 64
147 69
147 70
147 76
147 81
147 84
147 86
147 89
147 93
147 101
147 103
147 111
147 118
147 121
147 123
147 137
147 138
147 139
147 168
147 169
147 182
147 187
147 188
147 193
147 197
148 3
148 7
148 22
148 32
148 33
148 34
148 39
148 40
148 45
148 48
148 56
148 69
148 70
148 72
148 78
148 80
148 85
148 88
148 94
148 104
148 105
148 112
148 113
148 117
148 120
148 123
148 126
148 130
148 139
148 140
148 144
148 145
148 149
148 150
148 154
148 177
148 179
148 184
148 193
149 11
149 16
149 31
149 32
149 37
149 41
149 43
149 46
149 56
149 61
149 79
149 84
149 88
149 95
149 103
149 108
149 109
149 110
149 112
149 117
149 121
149 125
149 129
149 132
149 142
149 149
149 150
149 158
149 159
149 161
149 162
149 166
149 167
149 170
149 177
149 178
149 179
149 187
149 188
149 195
149 198
150 1
150 3
150 4
150 5
150 6
150 7
150 8
150 18
150 19
150 27
150 34
150 36
150 39
150 42
150 48
150 52
150 72
150 73
150 77
150 79
150 88
150 89
150 93
150 98
150 103
150 109
150 111
150 113
150 114
150 117
150 119
150 122
150 126
150 135
150 147
150 152
150 153
150 161
150 168
150 169
150 178
150 180
150 187
150 189
151 5
151 6
151 10
151 12
151 16
151 18
151 30
151 33
151 43
151 44
151 49
151 52
151 56
151 57
151 66
151 67
151 72
151 73
151 79
151 81
151 82
151 84
151 93
151 95
151 97
151 98
151 107
151 111
151 113
151 117
151 122
151 134
151 136
151 139
151 142
151 144
151 146
151 149
151 163
151 170
151 178
151 179
151 180
151 183
151 186
151 192
152 9
152 20
152 22
152 25
152 31
152 34
152 39
152 40
152 47
152 49
152 51
152 56
152 80
152 81
152 82
152 87
152 88
152 97
152 112
152 113
152 120
152 122
152 123
152 127
152 128
152 129
152 130
152 138
152 141
152 144
152 147
152 149
152 158
152 160
152 163
152 172
152 179
152 182
152 190
152 191
152 193
152 194
153 1
153 2
153 3
153 9
153 14
153 15
153 25
153 43
153 44
153 53
153 54
153 55
153 58
153 61
153 66
153 67
153 73
153 84
153 102
153 103
153 104
153 109
153 116
153 120
153 124
153 133
153 141
153 144
153 147
153 160
153 162
153 163
153 164
153 172
153 175
153 179
153 186
153 187
153 190
153 191
153 192
153 195
154 4
154 6
154 22
154 23
154 29
154 32
154 35
154 39
154 44
154 50
154 51
154 53
154 58
154 63
154 68
154 81
154 87
154 92
154 93
154 108
154 112
154 115
154 118
154 121
154 122
154 133
154 134
154 136
154 137
154 138
154 139
154 144
154 150
154 153
154 154
154 156
154 161
154 165
154 168
154 172
154 179
154 181
154 186
154 191
154 192
155 3
155 9
155 15
155 24
155 28
155 32
155 35
155 39
155 44
155 45
155 46
155 48
155 53
155 56
155 58
155 63
155 66
155 73
155 74
155 75
155 80
155 83
155 86
155 92
155 105
155 110
155 115
155 119
155 120
155 128
155 134
155 135
155 143
155 155
155 156
155 158
155 159
155 165
155 166
155 167
155 168
155 173
155 177
155 179
155 180
155 185
155 187
155 190
155 191
156 2
156 5
156 6
156 9
156 18
156 19
156 26
156 29
156 32
156 33
156 39
156 42
156 45
156 51
156 52
156 57
156 59
156 78
156 81
156 82
156 85
156 86
156 90
156 92
156 99
156 100
156 101
156 106
156 107
156 112
156 122
156 125
156 126
156 127
156 128
156 129
156 130
156 131
156 135
156 137
156 144
156 149
156 150
156 153
156 154
156 157
156 159
156 160
156 170
156 172
156 182
156 185
156 186
157 1
157 6
157 7
157 14
157 20
157 24
157 26
157 29
157 37
157 38
157 42
157 44
157 46
157 53
157 58
157 62
157 63
157 65
157 70
157 76
157 82
157 92
157 101
157 102
157 107
157 111
157 112
157 120
157 123
157 124
157 133
157 146
157 147
157 155
157 163
157 167
157 168
157 174
157 178
157 180
157 181
157 192
157 197
158 7
158 13
158 14
158 18
158 21
158 28
158 29
158 33
158 38
158 39
158 46
158 47
158 50
158 52
158 57
158 61
158 62
158 73
158 75
158 86
158 87
158 89
158 93
158 97
158 99
158 101
158 105
158 110
158 120
158 122
158 128
158 134
158 140
158 143
158 145
158 152
158 154
158 158
158 167
158 170
158 175
158 192
158 195
158 196
159 5
159 7
159 18
159 21
159 23
159 26
159 29
159 31
159 49
159 50
159 61
159 65
159 67
159 71
159 75
159 76
159 79
159 82
159 84
159 91
159 93
159 96
159 99
159 101
159 104
159 113
159 117
159 121
159 122
159 123
159 126
159 131
159 133
159 138
159 139
159 142
159 160
159 169
159 173
159 175
159 176
159 177
159 182
159 188
159 191
159 194
160 4
160 5
160 11
160 12
160 20
160 22
160 24
160 26
160 27
160 28
160 29
160 30
160 31
160 32
160 33
160 35
160 39
160 40
160 43
160 48
160 52
160 55
160 65
160 70
160 73
160 78
160 90
160 94
160 100
160 102
160 106
160 109
160 112
160 114
160 116
160 120
160 123
160 124
160 131
160 134
160 135
160 145
160 146
160 151
160 162
160 164
160 167
160 174
160 183
160 186
160 189
160 192
160 194
160 195
161 3
161 5
161 9
161 20
161 35
161 44
161 53
161 54
161 56
161 57
161 58
161 63
161 66
161 75
161 76
161 94
161 95
161 102
161 107
161 109
161 111
161 116
161 121
161 122
161 123
161 130
161 136
161 137
161 146
161 147
161 152
161 158
161 159
161 165
161 169
161 171
161 172
161 173
161 177
161 178
161 182
161 183
161 185
161 187
161 188
161 189
162 2
162 15
162 18
162 19
162 22
162 29
162 31
162 35
162 41
162 51
162 53
162 55
162 58
162 60
162 70
162 92
162 98
162 101
162 113
162 117
162 122
162 123
162 129
162 130
162 134
162 154
162 158
162 169
162 180
162 183
162 184
162 190
162 191
162 193
162 195
162 196
163 1
163 7
163 11
163 15
163 20
163 29
163 34
163 46
163 55
163 56
163 62
163 65
163 69
163 76
163 79
163 81
163 83
163 88
163 90
163 101
163 102
163 106
163 113
163 120
163 123
163 129
163 130
163 131
163 135
163 136
163 137
163 142
163 144
163 147
163 152
163 158
163 159
163 162
163 164
163 168
163 179
163 181
164 3
164 6
164 9
164 12
164 21
164 22
164 37
164 39
164 41
164 48
164 52
164 59
164 60
164 73
164 79
164 85
164 100
164 106
164 117
164 129
164 146
164 147
164 149
164 151
164 153
164 154
164 158
164 159
164 163
164 167
164 170
164 176
164 178
164 179
164 184
164 185
164 195
165 13
165 17
165 19
165 30
165 40
165 46
165 48
165 55
165 59
165 60
165 61
165 68
165 69
165 72
165 76
165 87
165 96
165 97
165 99
165 103
165 108
165 112
165 118
165 119
165 121
165 132
165 134
165 137
165 143
165 145
165 146
165 157
165 160
165 177
165 182
165 186
165 193
165 197
166 2
166 5
166 7
166 10
166 11
166 12
166 13
166 15
166 21
166 24
166 26
166 28
166 44
166 45
166 48
166 52
166 53
166 60
166 62
166 63
166 64
166 70
166 75
166 81
166 82
166 86
166 92
166 105
166 107
166 108
166 109
166 110
166 114
166 115
166 118
166 130
166 132
166 135
166 141
166 147
166 148
166 149
166 152
166 154
166 155
166 158
166 161
166 164
166 174
166 175
166 176
166 189
166 192
166 193
167 3
167 11
167 13
167 20
167 23
167 27
167 28
167 41
167 47
167 52
167 54
167 63
167 64
167 67
167 79
167 80
167 84
167 85
167 86
167 91
167 92
167 95
167 100
167 104
167 105
167 106
167 107
167 111
167 115
167 126
167 145
167 148
167 154
167 155
167 160
167 166
167 176
167 181
167 185
167 191
167 195
168 2
168 7
168 10
168 26
168 32
168 34
168 38
168 40
168 42
168 53
168 59
168 71
168 73
168 78
168 79
168 82
168 89
168 90
168 95
168 97
168 99
168 102
168 103
168 105
168 108
168 110
168 134
168 136
168 140
168 141
168 145
168 148
168 153
168 159
168 166
168 171
168 175
168 183
168 189
168 191
168 192
169 1
169 4
169 9
169 13
169 19
169 25
169 26
169 29
169 37
169 40
169 42
169 44
169 47
169 48
169 54
169 57
169 62
169 69
169 78
169 97
169 98
169 104
169 107
169 108
169 110
169 116
169 123
169 125
169 126
169 127
169 128
169 136
169 144
169 146
169 149
169 154
169 160
169 167
169 168
169 169
169 170
169 180
169 183
169 186
169 187
169 193
169 195
170 2
170 3
170 6
170 8
170 11
170 13
170 15
170 17
170 21
170 32
170 36
170 37
170 47
170 49
170 50
170 51
170 54
170 55
170 58
170 62
170 64
170 71
170 72
170 77
170 81
170 82
170 89
170 90
170 91
170 94
170 97
170 103
170 108
170 109
170 112
170 113
170 122
170 129
170 144
170 161
170 170
170 171
170 174
170 175
170 179
170 180
170 185
170 186
170 187
170 188
170 193
170 198
171 8
171 16
171 17
171 38
171 40
171 49
171 54
171 64
171 67
171 69
171 81
171 83
171 86
171 92
171 93
171 96
171 99
171 101
171 108
171 112
171 114
171 115
171 122
171 125
171 132
171 134
171 140
171 149
171 151
171 152
171 154
171 167
171 173
171 174
171 179
171 181
171 188
171 189
171 190
171 195
171 198
172 1
172 7
172 10
172 15
172 17
172 23
172 25
172 26
172 30
172 32
172 33
172 34
172 36
172 40
172 41
172 46
172 49
172 53
172 55
172 59
172 70
172 75
172 79
172 95
172 96
172 103
172 108
172 110
172 117
172 122
172 126
172 132
172 135
172 144
172 146
172 149
172 151
172 171
172 175
172 184
172 189
173 5
173 6
173 11
173 17
173 26
173 33
173 38
173 42
173 43
173 44
173 48
173 50
173 56
173 59
173 65
173 66
173 68
173 70
173 72
173 73
173 77
173 79
173 82
173 83
173 86
173 89
173 90
173 93
173 95
173 96
173 99
173 103
173 104
173 120
173 139
173 140
173 144
173 146
173 160
173 167
173 168
173 171
173 173
173 174
173 175
173 176
173 179
173 180
173 181
173 187
173 194
173 196
173 197
174 2
174 3
174 13
174 17
174 18
174 19
174 28
174 30
174 37
174 42
174 45
174 47
174 57
174 58
174 68
174 82
174 85
174 86
174 89
174 92
174 105
174 106
174 114
174 125
174 132
174 133
174 137
174 139
174 140
174 142
174 147
174 157
174 158
174 163
174 166
174 171
174 178
174 182
174 183
174 184
174 190
174 192
174 194
174 196
174 197
175 1
175 3
175 6
175 15
175 18
175 21
175 22
175 25
175 34
175 35
175 38
175 39
175 47
175 48
175 61
175 68
175 90
175 91
175 107
175 117
175 121
175 122
175 123
175 125
175 127
175 130
175 133
175 141
175 148
175 151
175 153
175 154
175 155
175 163
175 171
175 189
175 192
175 193
175 195
175 198
176 5
176 12
176 13
176 19
176 23
176 29
176 32
176 46
176 58
176 68
176 72
176 75
176 80
176 87
176 96
176 101
176 104
176 105
176 112
176 125
176 126
176 129
176 131
176 134
176 140
176 149
176 152
176 160
176 161
176 163
176 174
176 178
176 180
176 181
176 187
177 5
177 7
177 8
177 10
177 12
177 14
177 17
177 20
177 28
177 30
177 32
177 40
177 42
177 51
177 52
177 55
177 59
177 62
177 64
177 65
177 66
177 84
177 86
177 88
177 101
177 120
177 121
177 122
177 129
177 133
177 135
177 140
177 141
177 156
177 157
177 159
177 160
177 169
177 171
177 184
177 187
177 189
177 192
177 195
177 198
178 1
178 5
178 9
178 15
178 16
178 17
178 26
178 28
178 30
178 32
178 33
178 34
178 42
178 44
178 45
178 46
178 53
178 59
178 68
178 70
178 77
178 78
178 82
178 85
178 104
178 105
178 106
178 107
178 108
178 109
178 115
178 116
178 118
178 121
178 124
178 127
178 138
178 143
178 153
178 155
178 157
178 158
178 166
178 171
178 173
178 174
178 176
178 181
178 187
178 192
178 193
178 196
179 1
179 2
179 5
179 8
179 10
179 12
179 16
179 22
179 24
179 25
179 41
179 48
179 50
179 51
179 58
179 60
179 67
179 72
179 73
179 75
179 78
179 82
179 90
179 91
179 92
179 93
179 94
179 101
179 102
179 110
179 114
179 117
179 129
179 130
179 133
179 136
179 138
179 143
179 144
179 145
179 154
179 165
179 173
179 178
179 196
180 1
180 2
180 12
180 21
180 24
180 28
180 40
180 48
180 52
180 59
180 68
180 72
180 75
180 89
180 91
180 92
180 93
180 94
180 95
180 102
180 106
180 110
180 116
180 122
180 124
180 127
180 128
180 129
180 130
180 134
180 140
180 145
180 165
180 168
180 169
180 171
180 172
180 175
180 178
180 179
180 182
180 183
180 184
180 190
180 191
180 193
180 195
180 198
181 5
181 7
181 9
181 15
181 21
181 22
181 25
181 30
181 33
181 50
181 56
181 67
181 77
181 79
181 91
181 102
181 103
181 106
181 107
181 112
181 115
181 118
181 122
181 129
181 130
181 132
181 134
181 139
181 140
181 144
181 146
181 150
181 151
181 153
181 162
181 182
181 195
182 1
182 9
182 11
182 15
182 20
182 22
182 23
182 30
182 34
182 36
182 39
182 43
182 46
182 47
182 53
182 59
182 60
182 64
182 80
182 84
182 88
182 94
182 95
182 96
182 101
182 102
182 104
182 109
182 115
182 116
182 117
182 126
182 128
182 135
182 136
182 142
182 143
182 149
182 153
182 163
182 166
182 171
182 174
182 176
182 179
182 184
182 188
182 191
182 192
182 194
183 2
183 4
183 7
183 10
183 12
183 13
183 14
183 19
183 20
183 28
183 29
183 33
183 38
183 43
183 60
183 66
183 70
183 74
183 76
183 79
183 80
183 83
183 89
183 90
183 92
183 96
183 105
183 109
183 111
183 115
183 128
183 143
183 145
183 149
183 151
183 158
183 167
183 174
183 179
183 180
183 194
183 195
183 196
184 3
184 5
184 6
184 14
184 16
184 23
184 25
184 28
184 29
184 33
184 36
184 37
184 44
184 46
184 53
184 55
184 56
184 59
184 69
184 77
184 85
184 86
184 88
184 98
184 101
184 102
184 106
184 116
184 126
184 135
184 140
184 141
184 146
184 149
184 152
184 156
184 160
184 164
184 165
184 167
184 168
184 170
184 174
184 176
184 177
184 179
184 181
184 188
184 196
185 4
185 10
185 11
185 14
185 15
185 28
185 45
185 47
185 52
185 53
185 55
185 57
185 61
185 77
185 81
185 86
185 91
185 93
185 95
185 97
185 107
185 119
185 125
185 127
185 129
185 134
185 135
185 137
185 138
185 143
185 144
185 151
185 156
185 157
185 158
185 160
185 165
185 166
185 167
185 168
185 169
185 173
185 174
185 175
185 178
185 183
185 185
185 187
185 188
185 189
185 196
185 197
185 198
186 4
186 6
186 8
186 24
186 32
186 33
186 35
186 56
186 58
186 60
186 62
186 63
186 66
186 71
186 73
186 82
186 84
186 85
186 88
186 93
186 100
186 119
186 125
186 129
186 133
186 134
186 143
186 149
186 157
186 160
186 162
186 163
186 169
186 179
186 188
186 191
186 193
186 194
186 198
187 4
187 13
187 23
187 24
187 29
187 30
187 37
187 40
187 45
187 64
187 66
187 67
187 69
187 76
187 83
187 86
187 92
187 94
187 98
187 104
187 112
187 113
187 131
187 134
187 135
187 136
187 138
187 144
187 146
187 147
187 153
187 154
187 155
187 166
187 176
187 181
187 187
187 190
187 192
187 196
188 3
188 4
188 6
188 10
188 14
188 16
188 17
188 30
188 35
188 37
188 44
188 49
188 50
188 63
188 66
188 69
188 94
188 98
188 103
188 123
188 131
188 134
188 137
188 139
188 140
188 141
188 149
188 150
188 151
188 152
188 154
188 155
188 156
188 162
188 167
188 175
188 178
188 180
188 181
188 183
188 188
188 189
188 191
188 195
189 4
189 6
189 14
189 17
189 19
189 20
189 21
189 28
189 33
189 35
189 38
189 44
189 57
189 70
189 71
189 73
189 78
189 86
189 88
189 89
189 90
189 92
189 93
189 100
189 102
189 103
189 104
189 112
189 116
189 120
189 121
189 129
189 133
189 141
189 147
189 154
189 157
189 160
189 161
189 164
189 172
189 178
189 180
189 185
189 190
190 7
190 11
190 18
190 21
190 29
190 30
190 31
190 42
190 54
190 55
190 57
190 62
190 66
190 75
190 79
190 81
190 88
190 98
190 101
190 105
190 107
190 109
190 110
190 113
190 115
190 119
190 120
190 131
190 132
190 137
190 138
190 139
190 151
190 154
190 156
190 165
190 171
190 178
190 182
190 194
190 197
191 7
191 8
191 15
191 18
191 24
191 27
191 34
191 35
191 41
191 44
191 45
191 51
191 59
191 61
191 67
191 70
191 72
191 76
191 79
191 82
191 83
191 92
191 104
191 105
191 117
191 123
191 167
191 170
191 179
191 180
191 189
191 192
191 198
192 4
192 10
192 11
192 12
192 14
192 18
192 23
192 27
192 37
192 39
192 43
192 45
192 46
192 47
192 49
192 52
192 57
192 59
192 60
192 62
192 67
192 77
192 79
192 80
192 81
192 86
192 92
192 95
192 99
192 105
192 106
192 109
192 111
192 117
192 120
192 128
192 131
192 138
192 149
192 151
192 157
192 163
192 172
192 176
192 178
192 179
192 187
192 189
192 191
192 195
192 198
193 1
193 3
193 4
193 13
193 14
193 20
193 32
193 41
193 48
193 50
193 75
193 76
193 79
193 96
193 116
193 120
193 122
193 132
193 134
193 135
193 138
193 142
193 143
193 146
193 151
193 157
193 158
193 164
193 168
193 173
193 174
193 179
193 189
193 194
193 196
193 198
194 6
194 7
194 9
194 13
194 21
194 28
194 30
194 34
194 36
194 43
194 47
194 57
194 61
194 71
194 79
194 88
194 90
194 93
194 94
194 98
194 99
194 104
194 111
194 123
194 126
194 132
194 135
194 137
194 140
194 141
194 147
194 157
194 159
194 161
194 163
194 164
194 170
194 172
194 175
194 176
194 192
194 194
194 197
195 5
195 6
195 13
195 15
195 16
195 26
195 27
195 32
195 36
195 38
195 39
195 40
195 41
195 42
195 43
195 49
195 55
195 61
195 74
195 80
195 88
195 90
195 97
195 104
195 113
195 116
195 119
195 124
195 127
195 134
195 138
195 139
195 149
195 150
195 154
195 158
195 160
195 162
195 163
195 169
195 175
195 176
195 178
195 182
195 184
195 194
195 196
196 3
196 4
196 10
196 12
196 16
196 17
196 19
196 23
196 26
196 40
196 41
196 42
196 44
196 53
196 56
196 62
196 64
196 66
196 81
196 83
196 91
196 92
196 105
196 110
196 113
196 116
196 117
196 120
196 123
196 126
196 127
196 133
196 135
196 137
196 138
196 139
196 149
196 153
196 159
196 164
196 165
196 167
196 170
196 173
196 175
196 178
196 182
196 188
196 189
196 190
196 191
196 196
196 198
197 2
197 9
197 12
197 13
197 25
197 26
197 38
197 40
197 42
197 44
197 45
197 48
197 49
197 51
197 56
197 60
197 63
197 66
197 67
197 69
197 81
197 85
197 86
197 91
197 100
197 106
197 115
197 122
197 124
197 127
197 128
197 129
197 130
197 134
197 138
197 143
197 147
197 156
197 160
197 165
197 170
197 172
197 173
197 193
198 4
198 11
198 12
198 22
198 31
198 32
198 38
198 40
198 41
198 43
198 46
198 69
198 73
198 80
198 84
198 93
198 96
198 98
198 102
198 115
198 120
198 122
198 123
198 129
198 130
198 132
198 135
198 136
198 140
198 144
198 147
198 150
198 160
198 166
198 182
198 183
198 191
198 197
