50 50
1 1
48 48
1 2
1 14
1 18
1 21
1 24
1 28
1 42
1 48
2 2
2 10
2 15
2 19
2 25
2 26
2 27
2 31
2 33
2 40
2 41
2 44
2 45
2 47
3 7
3 12
3 13
3 21
3 24
3 27
3 34
3 37
3 40
4 6
4 8
4 14
4 21
4 24
4 27
4 36
4 37
4 41
4 44
5 11
5 14
5 15
5 17
5 18
5 38
5 41
5 45
6 1
6 3
6 4
6 8
6 9
6 14
6 16
6 17
6 21
6 26
6 30
6 31
6 37
6 38
6 44
6 48
7 2
7 7
7 9
7 10
7 13
7 14
7 16
7 22
7 28
7 38
7 39
7 41
7 44
7 47
7 48
8 1
8 9
8 15
8 29
8 30
8 35
8 42
8 43
8 44
8 47
9 5
9 8
9 9
9 15
9 31
9 40
9 44
10 3
10 7
10 9
10 10
10 13
10 14
10 19
10 20
10 24
10 30
10 32
10 42
10 47
10 48
11 8
11 11
11 12
11 19
11 22
11 24
11 27
11 28
11 29
11 32
11 41
11 43
12 3
12 8
12 15
12 16
12 20
12 22
12 23
12 28
12 31
12 32
12 33
12 39
12 45
12 48
13 3
13 4
13 7
13 8
13 9
13 10
13 11
13 15
13 20
13 25
13 27
13 30
13 41
13 43
14 1
14 9
14 14
14 16
14 20
14 26
14 28
14 29
14 38
14 40
14 43
14 46
14 47
14 48
15 3
15 4
15 5
15 13
15 15
15 19
15 22
15 24
15 25
15 37
15 39
15 40
15 42
15 46
16 7
16 12
16 18
16 20
16 24
16 25
16 27
16 28
16 29
16 32
17 2
17 8
17 15
17 19
17 21
17 22
17 28
17 32
17 34
17 39
17 41
17 44
17 46
18 2
18 5
18 20
18 21
18 25
18 26
18 33
18 34
18 38
18 44
19 4
19 7
19 10
19 19
19 21
19 23
19 28
19 31
19 39
19 43
20 3
20 4
20 9
20 16
20 17
20 18
20 20
20 27
20 31
20 34
20 37
20 46
21 3
21 11
21 19
21 23
21 24
21 26
21 27
21 33
21 35
21 36
21 39
21 41
21 42
21 45
21 46
22 2
22 6
22 10
22 12
22 28
22 30
22 40
22 43
22 45
22 47
23 4
23 6
23 12
23 17
23 20
23 23
23 25
23 26
23 36
23 39
23 40
23 41
23 42
23 44
24 5
24 7
24 15
24 17
24 21
24 23
24 25
24 30
24 32
24 40
24 41
24 44
24 45
24 48
25 12
25 14
25 17
25 20
25 23
25 29
25 33
25 34
25 35
25 39
25 42
25 43
25 44
25 46
26 8
26 9
26 17
26 20
26 35
26 36
26 37
26 38
26 39
27 14
27 15
27 18
27 38
27 39
27 45
27 46
27 47
28 2
28 4
28 6
28 8
28 12
28 15
28 23
28 24
28 26
28 29
28 30
28 31
28 42
28 43
29 1
29 4
29 5
29 16
29 19
29 20
29 22
29 23
29 24
29 29
29 31
29 32
29 39
29 45
30 2
30 3
30 5
30 7
30 12
30 22
30 25
30 39
30 44
30 47
30 48
31 1
31 2
31 7
31 8
31 11
31 20
31 22
31 42
31 47
31 48
32 2
32 4
32 7
32 8
32 12
32 14
32 15
32 17
32 20
32 22
32 27
32 34
32 43
32 46
32 48
33 2
33 9
33 21
33 24
33 25
33 27
33 28
33 30
33 37
33 43
34 2
34 17
34 22
34 23
34 24
34 33
34 36
34 37
34 38
34 41
34 42
34 48
35 2
35 13
35 15
35 29
35 31
35 38
35 41
35 43
36 2
36 8
36 11
36 21
36 24
36 25
36 27
36 34
36 38
36 41
37 1
37 9
37 22
37 27
37 30
37 31
37 34
37 41
37 44
38 1
38 5
38 6
38 14
38 17
38 19
38 21
38 27
38 31
38 33
38 38
38 39
38 40
38 46
38 48
39 4
39 12
39 23
39 26
39 30
39 32
39 39
39 42
39 43
40 1
40 3
40 11
40 13
40 14
40 21
40 32
40 33
40 34
40 44
40 45
40 47
40 48
41 5
41 8
41 10
41 13
41 17
41 20
41 22
41 23
41 25
41 27
41 35
41 44
41 46
42 1
42 2
42 3
42 11
42 16
42 20
42 23
42 29
42 32
42 33
42 42
42 45
42 47
43 4
43 5
43 9
43 22
43 30
43 32
43 33
43 39
43 41
44 7
44 15
44 22
44 30
44 35
44 39
44 43
44 46
44 47
45 6
45 15
45 26
45 27
45 32
45 38
45 42
46 4
46 11
46 14
46 22
46 23
46 27
46 29
46 33
46 37
46 42
46 47
47 3
47 6
47 11
47 19
47 22
47 29
47 33
47 36
47 40
47 43
47 45
48 1
48 2
48 4
48 6
48 10
48 14
48 17
48 21
48 22
48 30
48 34
48 38
48 42
