100 100
37 83
95 59
1 4
1 10
1 14
1 18
1 19
1 27
1 31
1 34
1 35
1 36
1 37
1 39
1 52
1 54
1 55
1 61
1 62
1 65
1 66
1 69
1 70
1 75
1 76
1 78
1 79
1 85
1 89
1 91
2 1
2 4
2 7
2 9
2 13
2 15
2 17
2 21
2 24
2 26
2 32
2 39
2 44
2 53
2 54
2 57
2 62
2 64
2 65
2 66
2 71
2 72
2 76
2 80
2 81
2 84
2 85
2 86
2 90
2 91
3 3
3 13
3 14
3 19
3 23
3 28
3 34
3 37
3 47
3 69
3 78
4 3
4 6
4 7
4 8
4 13
4 15
4 16
4 25
4 29
4 31
4 36
4 37
4 38
4 56
4 61
4 66
4 67
4 69
4 76
4 79
4 81
4 87
4 91
5 2
5 3
5 4
5 18
5 26
5 30
5 33
5 35
5 44
5 45
5 50
5 51
5 52
5 53
5 56
5 58
5 61
5 66
5 69
5 70
5 72
5 84
6 1
6 16
6 24
6 29
6 32
6 33
6 42
6 57
6 62
6 63
6 73
6 79
6 86
6 87
6 88
6 94
7 6
7 9
7 13
7 19
7 21
7 32
7 47
7 48
7 50
7 51
7 52
7 54
7 63
7 67
7 69
7 73
7 74
7 75
7 76
7 81
7 83
7 85
7 86
7 88
7 92
7 96
8 2
8 3
8 6
8 7
8 9
8 16
8 19
8 20
8 21
8 22
8 29
8 36
8 39
8 40
8 47
8 59
8 60
8 66
8 67
8 68
8 70
8 71
8 76
8 79
8 80
8 81
8 83
8 84
8 90
8 95
9 13
9 37
9 47
9 50
9 56
9 62
9 64
9 66
9 68
9 71
9 72
9 73
9 75
9 79
9 83
9 85
9 89
9 91
9 98
10 1
10 7
10 9
10 11
10 12
10 14
10 21
10 33
10 38
10 47
10 51
10 60
10 70
10 77
10 81
10 83
10 85
10 92
10 94
10 96
11 7
11 8
11 13
11 16
11 18
11 19
11 23
11 28
11 39
11 54
11 55
11 71
11 75
11 90
11 95
12 4
12 6
12 8
12 14
12 15
12 18
12 20
12 22
12 24
12 29
12 30
12 31
12 32
12 34
12 40
12 43
12 44
12 45
12 51
12 54
12 57
12 62
12 70
12 72
12 73
12 81
12 82
12 88
12 89
12 91
12 92
12 98
13 2
13 3
13 11
13 12
13 13
13 15
13 17
13 21
13 28
13 36
13 41
13 58
13 59
13 61
13 64
13 73
13 82
13 84
13 85
13 89
13 93
13 98
14 2
14 5
14 7
14 10
14 27
14 33
14 42
14 44
14 51
14 52
14 55
14 60
14 63
14 70
14 79
14 80
14 84
14 86
14 87
14 90
15 1
15 2
15 7
15 15
15 18
15 25
15 33
15 34
15 35
15 38
15 39
15 41
15 46
15 65
15 74
15 75
15 76
15 77
15 80
15 83
15 86
15 89
15 90
15 97
16 2
16 10
16 12
16 20
16 24
16 29
16 34
16 37
16 48
16 49
16 65
16 68
16 76
16 82
16 83
16 96
16 97
17 4
17 6
17 7
17 8
17 9
17 14
17 17
17 30
17 32
17 33
17 36
17 40
17 49
17 53
17 59
17 61
17 64
17 68
17 80
17 84
17 85
17 90
17 95
18 3
18 7
18 18
18 20
18 25
18 29
18 36
18 43
18 50
18 63
18 65
18 68
18 71
18 74
18 82
18 83
18 90
19 1
19 3
19 4
19 7
19 9
19 15
19 16
19 20
19 22
19 25
19 28
19 31
19 41
19 42
19 44
19 45
19 51
19 53
19 57
19 73
19 75
19 79
19 82
19 84
20 1
20 2
20 9
20 14
20 18
20 19
20 20
20 27
20 31
20 48
20 55
20 60
20 65
20 70
20 76
20 78
20 79
20 80
20 81
20 82
20 83
20 84
20 85
20 87
20 88
20 89
20 91
21 1
21 2
21 9
21 20
21 22
21 26
21 34
21 35
21 38
21 39
21 44
21 46
21 48
21 50
21 56
21 60
21 64
21 66
21 71
21 74
21 81
21 83
21 85
21 89
21 94
22 1
22 4
22 7
22 8
22 9
22 10
22 12
22 20
22 21
22 26
22 27
22 33
22 42
22 47
22 55
22 57
22 58
22 67
22 73
22 77
22 83
23 3
23 5
23 17
23 18
23 19
23 24
23 28
23 32
23 33
23 42
23 44
23 52
23 55
23 59
23 61
23 65
23 71
23 76
23 92
23 97
24 4
24 12
24 30
24 37
24 42
24 43
24 52
24 53
24 57
24 63
24 64
24 65
24 74
24 75
24 78
24 82
24 87
24 88
24 89
25 1
25 20
25 30
25 37
25 38
25 41
25 49
25 56
25 58
25 59
25 62
25 63
25 64
25 65
25 67
25 68
25 72
25 75
25 76
25 81
25 92
25 98
26 5
26 18
26 19
26 23
26 24
26 53
26 56
26 57
26 62
26 63
26 65
26 67
26 68
26 70
26 81
26 88
26 89
26 92
27 1
27 7
27 15
27 17
27 35
27 43
27 46
27 48
27 50
27 51
27 55
27 62
27 69
27 72
27 73
27 75
27 80
27 86
27 88
27 95
27 96
27 97
28 5
28 6
28 12
28 13
28 28
28 30
28 34
28 39
28 42
28 43
28 44
28 48
28 49
28 51
28 53
28 59
28 60
28 63
28 76
28 85
28 90
28 94
29 1
29 13
29 32
29 55
29 56
29 61
29 63
29 67
29 72
29 80
29 82
29 83
29 85
29 87
29 89
29 90
29 96
30 1
30 2
30 6
30 13
30 15
30 22
30 26
30 28
30 29
30 32
30 33
30 35
30 36
30 38
30 39
30 42
30 46
30 49
30 50
30 51
30 54
30 58
30 59
30 63
30 68
30 72
30 73
30 75
30 78
30 80
30 82
30 95
30 96
30 97
31 5
31 8
31 12
31 21
31 22
31 32
31 34
31 40
31 41
31 42
31 50
31 52
31 55
31 69
31 73
31 79
31 81
31 84
31 90
31 91
31 93
31 94
31 96
32 4
32 6
32 11
32 13
32 19
32 20
32 23
32 25
32 31
32 33
32 40
32 43
32 46
32 51
32 55
32 58
32 61
32 62
32 76
32 80
32 82
32 84
32 88
32 97
33 4
33 10
33 13
33 15
33 19
33 22
33 33
33 37
33 38
33 39
33 55
33 65
33 69
33 72
33 74
33 81
34 1
34 8
34 12
34 13
34 19
34 22
34 26
34 36
34 44
34 47
34 60
34 63
34 66
34 69
34 70
34 77
34 78
34 80
34 83
34 91
34 96
35 1
35 3
35 8
35 10
35 12
35 14
35 15
35 22
35 23
35 24
35 26
35 28
35 30
35 31
35 48
35 49
35 51
35 65
35 66
35 68
35 69
35 71
35 73
35 81
35 82
35 84
35 87
35 88
36 1
36 2
36 12
36 23
36 25
36 27
36 28
36 32
36 34
36 39
36 41
36 42
36 50
36 55
36 56
36 62
36 72
36 74
36 76
36 79
36 86
36 87
36 92
36 93
37 1
37 2
37 6
37 10
37 16
37 24
37 26
37 28
37 31
37 33
37 42
37 44
37 45
37 50
37 60
37 62
37 63
37 71
37 72
37 73
37 80
37 89
37 94
38 4
38 23
38 35
38 41
38 48
38 50
38 62
38 63
38 73
38 75
38 82
38 83
38 89
38 91
38 92
38 97
38 98
39 3
39 5
39 12
39 21
39 30
39 34
39 35
39 39
39 42
39 45
39 55
39 56
39 58
39 60
39 65
39 68
39 71
39 75
39 76
39 80
39 91
39 94
39 95
39 96
40 2
40 10
40 14
40 18
40 25
40 26
40 29
40 30
40 34
40 35
40 37
40 40
40 42
40 46
40 49
40 54
40 57
40 69
40 70
40 77
40 78
40 80
40 83
40 88
40 94
40 95
41 7
41 8
41 13
41 15
41 16
41 30
41 31
41 35
41 48
41 49
41 56
41 57
41 61
41 65
41 68
41 72
41 75
41 78
41 84
41 91
41 96
42 18
42 23
42 37
42 44
42 47
42 50
42 52
42 54
42 58
42 59
42 62
42 66
42 72
42 73
42 78
42 79
42 80
42 85
42 86
42 88
42 90
42 91
42 95
42 96
43 5
43 6
43 10
43 13
43 14
43 23
43 25
43 34
43 44
43 53
43 62
43 66
43 70
43 77
43 87
44 2
44 8
44 12
44 13
44 14
44 17
44 18
44 22
44 27
44 32
44 35
44 40
44 42
44 43
44 61
44 67
44 92
45 4
45 10
45 12
45 26
45 29
45 30
45 31
45 36
45 38
45 39
45 43
45 46
45 49
45 62
45 64
45 65
45 66
45 69
45 74
45 75
45 76
45 81
45 83
45 88
46 1
46 8
46 9
46 12
46 13
46 15
46 24
46 27
46 30
46 38
46 40
46 41
46 43
46 46
46 54
46 56
46 60
46 61
46 64
46 65
46 86
46 88
46 96
47 3
47 4
47 9
47 13
47 17
47 23
47 27
47 28
47 31
47 37
47 40
47 41
47 43
47 52
47 54
47 55
47 58
47 59
47 62
47 65
47 66
47 71
47 72
47 73
47 76
47 82
47 88
47 91
47 92
48 14
48 19
48 20
48 26
48 27
48 29
48 30
48 37
48 39
48 44
48 48
48 49
48 55
48 60
48 62
48 64
48 67
48 71
48 75
48 83
48 87
48 90
48 91
48 92
48 94
48 96
49 1
49 5
49 6
49 18
49 24
49 26
49 27
49 28
49 32
49 33
49 36
49 37
49 38
49 42
49 43
49 55
49 69
49 77
49 82
49 86
49 87
49 94
50 4
50 5
50 6
50 9
50 18
50 23
50 25
50 30
50 36
50 40
50 43
50 45
50 52
50 54
50 60
50 61
50 64
50 65
50 67
50 71
50 75
50 79
50 91
50 95
50 97
51 2
51 5
51 6
51 18
51 20
51 23
51 24
51 25
51 39
51 41
51 45
51 47
51 48
51 49
51 57
51 58
51 59
51 63
51 68
51 71
51 72
51 79
51 81
51 86
51 91
51 93
52 1
52 2
52 6
52 7
52 14
52 19
52 30
52 32
52 40
52 44
52 48
52 51
52 52
52 55
52 57
52 63
52 65
52 66
52 89
52 92
52 95
52 96
53 6
53 13
53 16
53 22
53 23
53 25
53 27
53 28
53 31
53 35
53 36
53 41
53 47
53 48
53 50
53 51
53 55
53 58
53 59
53 61
53 64
53 67
53 75
53 77
53 85
53 87
53 91
53 94
53 95
54 3
54 6
54 10
54 11
54 12
54 14
54 19
54 25
54 28
54 31
54 35
54 38
54 40
54 44
54 59
54 63
54 64
54 66
54 69
54 75
54 76
54 82
54 83
54 84
54 85
54 86
54 92
54 93
55 7
55 10
55 11
55 13
55 17
55 20
55 24
55 26
55 27
55 30
55 31
55 35
55 36
55 40
55 43
55 46
55 49
55 50
55 53
55 54
55 62
55 63
55 67
55 68
55 70
55 73
55 84
55 91
55 96
56 1
56 4
56 10
56 15
56 20
56 40
56 44
56 46
56 50
56 52
56 53
56 55
56 56
56 57
56 58
56 59
56 60
56 62
56 64
56 68
56 77
56 79
56 80
56 82
56 83
56 86
56 87
56 91
56 93
57 2
57 6
57 8
57 11
57 25
57 29
57 34
57 36
57 40
57 43
57 44
57 45
57 48
57 49
57 50
57 65
57 69
57 74
57 77
57 83
57 87
57 88
57 91
57 92
58 1
58 7
58 11
58 13
58 17
58 22
58 28
58 31
58 35
58 36
58 37
58 38
58 44
58 45
58 46
58 48
58 49
58 50
58 55
58 56
58 58
58 62
58 67
58 72
58 76
58 83
58 90
58 92
58 93
58 95
59 5
59 6
59 7
59 11
59 19
59 22
59 32
59 34
59 36
59 42
59 44
59 45
59 46
59 48
59 51
59 58
59 66
59 68
59 69
59 73
59 76
59 77
59 81
59 90
59 92
60 1
60 11
60 13
60 15
60 18
60 31
60 39
60 40
60 41
60 43
60 46
60 52
60 54
60 59
60 66
60 67
60 69
60 75
60 81
60 82
60 85
60 90
60 97
61 8
61 12
61 18
61 19
61 28
61 34
61 48
61 66
61 68
61 69
61 71
61 75
61 81
61 83
61 84
61 88
61 90
61 94
61 97
62 6
62 11
62 14
62 22
62 27
62 31
62 32
62 44
62 45
62 47
62 55
62 58
62 61
62 73
62 76
62 79
62 85
62 92
62 95
63 10
63 14
63 19
63 26
63 28
63 30
63 32
63 37
63 46
63 52
63 57
63 67
63 71
63 75
63 76
63 78
63 79
63 93
64 2
64 3
64 5
64 7
64 8
64 16
64 21
64 22
64 23
64 27
64 28
64 32
64 36
64 37
64 40
64 47
64 58
64 61
64 65
64 67
64 76
64 78
64 88
64 89
64 90
65 1
65 4
65 7
65 11
65 12
65 23
65 25
65 28
65 30
65 32
65 40
65 43
65 46
65 47
65 50
65 57
65 58
65 60
65 85
65 86
65 95
65 98
66 2
66 8
66 9
66 16
66 22
66 23
66 24
66 25
66 27
66 32
66 34
66 35
66 44
66 48
66 53
66 61
66 62
66 71
66 78
66 79
66 80
66 81
66 82
66 93
66 95
66 98
67 5
67 6
67 8
67 9
67 15
67 16
67 21
67 23
67 26
67 30
67 31
67 33
67 35
67 38
67 41
67 45
67 55
67 65
67 68
67 76
67 78
67 85
67 86
68 2
68 10
68 13
68 14
68 16
68 18
68 20
68 28
68 32
68 33
68 36
68 43
68 46
68 49
68 56
68 57
68 64
68 68
68 92
68 94
68 95
68 96
69 1
69 7
69 8
69 9
69 13
69 14
69 16
69 24
69 29
69 33
69 34
69 54
69 58
69 70
69 78
69 79
69 86
69 88
69 94
69 97
69 98
70 8
70 10
70 15
70 16
70 21
70 22
70 34
70 35
70 38
70 40
70 41
70 42
70 45
70 48
70 49
70 50
70 52
70 54
70 56
70 57
70 58
70 60
70 65
70 78
70 79
70 80
70 85
70 87
70 90
71 1
71 6
71 9
71 11
71 17
71 19
71 24
71 25
71 27
71 28
71 30
71 31
71 37
71 40
71 41
71 52
71 57
71 59
71 65
71 72
71 76
71 80
71 83
71 86
71 95
72 10
72 13
72 18
72 19
72 20
72 31
72 35
72 37
72 38
72 39
72 41
72 43
72 45
72 46
72 47
72 60
72 66
72 71
72 73
72 77
72 86
72 92
72 93
72 98
73 4
73 10
73 17
73 18
73 23
73 27
73 29
73 31
73 38
73 43
73 56
73 58
73 60
73 62
73 65
73 66
73 78
73 80
73 82
73 85
73 88
73 89
73 91
73 92
74 5
74 6
74 15
74 23
74 26
74 33
74 42
74 45
74 46
74 47
74 48
74 55
74 56
74 59
74 67
74 69
74 72
74 79
74 82
74 85
74 86
74 93
74 98
75 3
75 4
75 12
75 20
75 26
75 29
75 35
75 36
75 41
75 43
75 47
75 53
75 54
75 59
75 71
75 76
75 83
75 85
75 86
75 87
75 88
75 89
75 90
75 96
76 6
76 14
76 15
76 19
76 36
76 38
76 40
76 56
76 57
76 60
76 65
76 69
76 76
76 78
76 79
76 93
76 96
76 97
77 1
77 4
77 8
77 10
77 13
77 17
77 18
77 19
77 20
77 21
77 28
77 32
77 35
77 45
77 52
77 54
77 65
77 75
77 77
77 79
77 84
77 85
77 92
77 95
78 1
78 2
78 5
78 11
78 12
78 13
78 14
78 17
78 20
78 21
78 26
78 31
78 34
78 39
78 40
78 44
78 49
78 51
78 54
78 61
78 67
78 73
78 75
78 76
78 83
78 85
78 88
78 94
78 95
79 1
79 4
79 7
79 20
79 31
79 39
79 43
79 48
79 57
79 58
79 64
79 66
79 68
79 74
79 76
79 78
79 79
79 85
79 86
79 91
80 6
80 13
80 17
80 18
80 24
80 25
80 26
80 27
80 28
80 33
80 34
80 39
80 43
80 44
80 45
80 47
80 52
80 54
80 57
80 62
80 71
80 73
80 75
80 81
80 94
81 8
81 9
81 14
81 19
81 25
81 26
81 30
81 35
81 47
81 52
81 57
81 58
81 65
81 66
81 72
81 76
81 80
81 82
81 86
81 87
81 89
81 90
81 92
82 1
82 5
82 6
82 7
82 8
82 11
82 13
82 23
82 24
82 33
82 35
82 50
82 53
82 58
82 60
82 61
82 64
82 69
82 70
82 79
82 85
82 86
82 88
83 10
83 12
83 25
83 28
83 32
83 33
83 38
83 40
83 41
83 42
83 52
83 56
83 57
83 59
83 68
83 74
83 79
83 85
83 88
84 2
84 3
84 9
84 10
84 21
84 27
84 36
84 37
84 39
84 40
84 44
84 45
84 47
84 48
84 51
84 52
84 58
84 60
84 72
84 73
84 74
84 78
84 83
84 84
84 86
84 89
84 95
84 96
85 5
85 16
85 20
85 30
85 34
85 38
85 39
85 40
85 45
85 58
85 63
85 65
85 68
85 76
85 82
85 84
85 93
85 96
85 98
86 2
86 7
86 8
86 17
86 19
86 21
86 25
86 28
86 31
86 35
86 36
86 39
86 42
86 51
86 52
86 58
86 65
86 80
86 92
86 94
87 11
87 13
87 21
87 25
87 26
87 29
87 31
87 42
87 45
87 51
87 53
87 58
87 61
87 68
87 75
87 78
87 85
87 87
87 88
87 91
87 94
87 96
87 97
88 4
88 25
88 28
88 30
88 39
88 42
88 48
88 52
88 54
88 56
88 59
88 60
88 62
88 66
88 68
88 70
88 71
88 78
88 98
89 4
89 9
89 11
89 13
89 33
89 39
89 42
89 43
89 51
89 57
89 61
89 70
89 73
89 77
89 85
90 4
90 5
90 8
90 12
90 14
90 19
90 22
90 24
90 33
90 43
90 50
90 55
90 60
90 61
90 66
90 81
90 88
90 89
90 90
90 94
90 95
91 2
91 8
91 13
91 15
91 16
91 17
91 19
91 30
91 35
91 36
91 51
91 52
91 61
91 65
91 79
91 88
92 1
92 12
92 13
92 16
92 20
92 22
92 26
92 28
92 37
92 57
92 58
92 61
92 64
92 65
92 84
92 94
92 97
93 14
93 16
93 27
93 29
93 31
93 46
93 48
93 53
93 54
93 56
93 64
93 66
93 77
93 78
93 85
93 92
93 94
93 98
94 5
94 12
94 19
94 24
94 36
94 46
94 49
94 55
94 61
94 72
94 73
94 75
94 76
94 79
94 86
94 87
94 88
94 89
94 92
94 94
94 95
95 3
95 4
95 8
95 13
95 14
95 21
95 25
95 29
95 30
95 31
95 32
95 38
95 39
95 40
95 48
95 52
95 53
95 56
95 61
95 64
95 69
95 70
95 73
95 77
95 82
95 85
95 89
95 96
96 6
96 10
96 11
96 15
96 18
96 19
96 24
96 28
96 30
96 43
96 46
96 47
96 48
96 53
96 55
96 62
96 74
96 76
96 81
96 86
96 90
96 96
97 3
97 5
97 7
97 13
97 15
97 20
97 27
97 31
97 33
97 41
97 49
97 58
97 65
97 75
97 81
97 85
97 86
97 88
98 6
98 8
98 11
98 13
98 15
98 20
98 25
98 27
98 30
98 39
98 43
98 50
98 66
98 67
98 72
98 75
98 77
98 81
98 85
98 97
