50 50
1 1
48 48
1 3
1 13
1 26
1 35
1 36
1 44
1 45
1 48
2 18
2 27
2 28
2 29
2 30
2 34
2 36
2 41
2 43
3 22
3 27
3 29
3 33
3 36
3 41
3 48
4 1
4 4
4 7
4 11
4 24
4 25
4 33
4 37
4 38
4 39
5 4
5 5
5 6
5 7
5 8
5 11
5 19
5 20
5 25
5 30
5 33
5 35
5 39
5 45
6 1
6 11
6 19
6 23
6 32
6 36
6 38
6 42
6 45
7 4
7 6
7 10
7 19
7 21
7 25
7 26
7 31
7 37
7 46
8 3
8 19
8 23
8 26
8 29
8 36
8 44
9 7
9 9
9 12
9 16
9 17
9 21
9 33
9 40
9 45
10 4
10 24
10 25
10 31
10 32
10 33
10 36
10 39
10 41
11 8
11 11
11 12
11 14
11 16
11 20
11 23
11 33
11 40
11 43
12 1
12 4
12 18
12 19
12 27
12 33
12 35
12 42
12 48
13 4
13 6
13 20
13 21
13 23
13 31
13 38
13 42
13 46
14 7
14 9
14 27
14 30
14 31
15 6
15 14
15 23
15 25
15 27
15 28
15 29
15 36
15 38
15 46
16 1
16 13
16 15
16 18
16 24
16 34
16 38
16 39
16 40
17 2
17 5
17 7
17 9
17 11
17 27
17 29
17 32
17 33
17 36
17 41
18 2
18 3
18 4
18 8
18 10
18 11
18 16
18 24
18 32
18 34
18 36
18 38
18 42
18 48
19 10
19 11
19 20
19 24
19 26
19 32
19 37
19 38
19 39
19 41
19 42
19 45
19 48
20 1
20 10
20 15
20 16
20 29
20 30
20 31
20 34
20 37
20 44
21 3
21 7
21 11
21 15
21 16
21 19
21 20
21 26
21 31
21 37
21 39
21 41
21 45
21 48
22 4
22 7
22 18
22 22
22 43
22 44
22 46
22 48
23 4
23 7
23 9
23 12
23 15
23 17
23 20
23 31
23 32
23 35
23 40
24 10
24 11
24 16
24 19
24 24
24 28
24 30
24 34
24 47
25 1
25 3
25 6
25 25
25 27
25 30
25 31
25 34
25 35
25 36
26 1
26 6
26 9
26 15
26 32
26 33
27 13
27 15
27 22
27 29
27 38
27 48
28 26
28 32
28 38
28 44
28 46
29 2
29 4
29 8
29 12
29 22
29 28
29 29
29 35
29 40
29 44
29 45
29 46
29 48
30 16
30 22
30 26
30 31
30 40
31 3
31 7
31 13
31 14
31 20
31 25
31 32
31 36
31 38
31 40
32 1
32 14
32 20
32 37
32 38
32 40
32 41
32 47
33 12
33 15
33 19
33 20
33 23
33 43
33 46
33 48
34 3
34 6
34 8
34 24
34 27
34 28
34 39
34 42
34 44
34 46
34 48
35 4
35 7
35 9
35 15
35 16
35 17
35 24
35 29
35 31
35 32
35 44
35 45
36 13
36 15
36 20
36 23
36 24
36 29
36 36
36 38
36 41
37 17
37 20
37 21
37 24
37 27
37 30
37 32
37 43
37 48
38 3
38 18
38 25
38 31
38 33
38 36
38 43
38 46
39 4
39 14
39 15
39 20
39 22
39 27
39 28
39 35
39 39
39 45
39 48
40 1
40 5
40 8
40 9
40 10
40 14
40 16
40 17
40 20
40 29
40 33
41 4
41 6
41 12
41 17
41 18
41 31
41 32
41 33
41 37
41 46
41 47
42 2
42 3
42 4
42 12
42 16
42 17
42 30
42 38
43 2
43 3
43 11
43 14
43 16
43 24
43 30
43 40
43 44
43 46
44 3
44 4
44 15
44 20
44 21
44 26
44 30
44 31
44 42
44 48
45 2
45 3
45 5
45 6
45 9
45 11
45 27
45 35
45 36
45 38
45 41
45 46
46 4
46 5
46 26
46 30
46 37
46 38
46 39
46 43
46 44
46 46
47 16
47 20
47 27
47 30
47 43
47 44
47 45
48 1
48 2
48 3
48 4
48 7
48 13
48 14
48 25
48 30
48 34
48 35
48 36
48 42
48 43
48 47
